118224
117861
118628
117186
117680
118758
117818
117904
118186
118277
116714
117906
120332
118842
118334
116980
117380
117813
117979
117386
122007
120259
118186
117033
116751
116803
119197
116769
117194
117883
118505
120197
117367
116366
117723
117544
117436
117951
117899
118712
118604
117551
120658
118136
118393
118388
118441
117648
119070
117882
116594
117804
119037
117601
117748
117643
117871
117729
118554
118186
117531
117984
118389
118457
116979
117538
118014
116429
120586
119373
118557
119559
118507
118580
117883
116967
117654
117671
119070
119132
117683
118981
118393
118507
117586
119671
116005
120144
118048
117987
116458
118374
116179
117561
117727
116796
118853
116868
118443
119713
115910
117515
117062
118660
118533
119795
117282
119023
118756
116812
117329
118183
117823
117766
119030
118071
117289
117297
117578
117863
120867
116576
118034
115895
117949
118029
118225
117611
118036
117897
118580
119023
116972
116328
119746
117433
116990
117479
115973
119066
118495
118756
118816
116544
118573
117308
117582
118403
117152
116469
119411
117586
116507
119336
119241
118973
119891
117471
119413
115935
117930
118190
118816
116277
118858
118924
117802
119454
117964
118302
119133
118310
116888
120009
116455
119646
116158
119855
119182
118109
117259
119196
117109
118957
117545
116973
118914
120344
116803
118639
117241
118448
120179
120078
119267
118260
115726
120214
118035
119071
118411
118080
117897
118095
117817
117675
120202
118919
118954
118250
118788
116707
118088
119546
118620
117484
119733
118790
117805
117801
117261
117874
119070
118683
118117
120259
117703
119081
118583
118822
119056
119698
116519
118457
117031
116990
117455
117969
117629
117207
117419
117028
117664
116237
119469
115936
117498
118423
117202
119621
117853
117847
117003
117274
119364
117688
118410
117826
117586
118341
118161
117870
117688
118973
117616
116672
117133
117340
118515
116628
118159
118264
118954
118802
116999
118143
118573
117253
117635
117711
118612
120891
119459
117913
116614
116505
118803
119812
117900
118501
120238
118298
118332
118014
118020
117069
120360
119395
118670
119543
115083
117549
116951
118224
117921
119209
117783
119351
119209
118793
118282
117209
116967
121223
117592
118400
119140
118153
117887
118845
118972
119274
119072
120232
119558
117680
118266
117597
117661
119975
118198
118521
117570
117712
118000
118608
119693
118967
119526
118340
117402
120854
119293
118408
118886
118819
117869
116858
115996
118561
117734
117848
119602
119848
119437
119424
118249
119021
118441
119136
119092
119202
119506
117253
118828
117085
117892
119505
117863
117721
118865
119303
118851
116535
117391
118058
118153
118701
117499
118792
117387
118243
119863
118504
118048
117880
118258
116668
118754
118155
119443
118792
119237
121147
118898
120017
120906
119522
119153
118126
119451
118712
118908
116883
118067
117181
119797
117151
117869
117846
117410
117811
117734
118529
118514
118680
118056
118493
117256
119219
119342
118742
117578
117200
117687
118584
118377
117307
118399
119342
117668
120066
119191
118058
119149
117222
117210
117669
118970
120034
119061
118121
118356
118006
117824
118741
119077
118824
118462
119125
118260
118648
118537
119029
118405
118547
117789
116253
119016
119750
119950
117746
119879
118672
117021
119637
118851
118797
119427
118731
119503
119907
119148
117160
117809
118117
120184
118385
117987
118687
119132
119485
120173
119024
119993
118045
120172
118092
119571
118922
119552
119244
119921
117719
118583
119430
119476
119192
119200
120939
119683
117582
118596
119276
117933
118688
117368
117119
119415
117704
116525
117958
118693
120474
117534
119816
117974
118801
118975
118513
118354
117859
118597
118083
118009
118700
119264
119368
118074
117216
118242
118868
118679
117036
117712
117113
119102
119606
117407
119038
117913
117764
120294
118579
118555
118646
118146
120489
118284
119957
118562
116856
119031
119468
118118
118726
118157
119112
119518
118652
118843
118971
119220
118043
118013
119865
118605
120531
119099
118630
119569
119809
119203
118046
119740
119628
118620
117244
118523
117222
118325
118667
118128
118530
119169
118084
119103
117545
118304
119918
118179
116140
119475
119956
117593
117727
117690
119211
118792
118807
118893
119809
120691
119396
118311
119155
118545
119506
118052
119126
119676
120540
117818
118480
117988
120280
118007
117022
119539
118498
117768
117136
119321
118426
116898
119016
120079
120156
118355
117990
118411
120000
117045
116050
117729
116987
115589
116295
116239
119821
117466
118610
119880
118241
118878
118869
118858
117648
117901
118518
117596
118540
120253
117929
118979
119017
119561
119194
118934
117628
117911
119051
119071
119620
119041
118240
116946
117836
117937
118377
118856
116891
117492
118578
118521
118746
120561
119338
118565
119362
118869
118676
119765
118138
119453
117821
120445
119870
118104
118445
119163
119484
118577
120897
117216
117127
118673
118663
120308
118951
118507
119535
118895
117858
118502
120976
117201
118650
119255
118350
118136
121147
119088
117108
116406
118553
118696
117473
118479
117579
118636
118811
119122
117013
119804
118315
121532
117989
118621
118472
118724
117888
117772
119794
118222
118912
121027
118004
120589
116594
119728
118266
118385
119865
117058
119206
117139
118343
117527
118584
120075
119168
118882
118331
119019
118686
118943
120874
119494
119092
119596
119107
119712
120237
118241
117476
119254
117469
116008
118692
119652
118295
119617
119053
118343
117713
119316
118591
118871
118609
118733
118504
117011
119400
120789
117847
118665
117517
119502
117530
118774
117856
118800
119177
119307
118820
119084
119917
118609
118634
117905
119039
118252
118666
118637
118386
118120
119988
117056
117154
118744
117227
117013
119487
118470
118922
120312
120443
118758
118212
117454
118375
117194
117592
118700
117023
116836
119012
119162
119365
117758
120007
118356
118908
118483
118082
117476
118862
118062
118778
119199
118039
119008
117587
118189
119156
119721
116489
119726
118140
117899
116472
119562
118531
119030
117537
118101
118287
119606
119941
118339
118743
119965
119319
118441
119842
118887
115908
118066
116608
117552
118435
119844
120128
118426
117176
119290
119712
118192
118413
120969
118250
119567
119574
118887
118785
117182
119042
116407
118812
119293
117625
120095
117797
119443
119196
117327
118907
120333
117991
117229
119109
117702
118871
116999
117968
117578
118913
119110
119557
120517
118483
118565
119527
117842
116639
116931
119186
118270
117992
118419
120897
119693
117179
119296
118401
118458
118300
118221
119080
118933
118326
119387
121092
117715
118855
118582
118852
119396
119630
117626
118380
118826
118292
119841
118337
117869
119236
118158
118501
118801
119706
120338
117997
117195
116840
117549
118184
115639
118442
117216
115860
117642
116026
117255
117653
117437
115672
116554
118257
116768
117740
117779
116307
116996
116603
115738
114644
118724
117770
118706
117007
118305
117770
118800
115799
115886
116965
116616
115945
117612
116948
117888
116177
117918
117143
116073
117216
119270
117770
116706
119440
115850
117128
117612
118342
116379
115275
116714
117052
116283
118421
115907
117544
116212
116592
116649
117317
117327
118197
115371
117350
117505
117091
115629
116234
117677
118074
115234
117085
115750
117140
117562
117503
117196
118538
116302
117978
117208
116418
116120
116672
116826
116304
115635
117111
116515
116741
117264
116847
117374
118971
117932
116521
116680
117907
117179
115683
117678
118091
115752
117337
118099
117054
116925
116400
118045
116439
118544
115994
115925
117869
116923
116661
116774
117154
116362
116506
117214
116678
117879
116287
115730
117843
116095
116301
116224
115089
115821
116947
117593
118295
116645
114901
118041
116590
115292
117653
115860
117718
116519
116283
118094
117086
117211
118444
116336
117969
117374
118605
117669
119130
116320
116524
116632
117137
118418
116810
117677
116417
117788
116659
117386
115865
117465
117579
117467
117401
116898
118563
116726
119360
116466
118341
118233
117091
115936
115780
117053
117563
117970
116955
118037
116081
116461
118272
117197
116322
117038
117644
116715
116986
117598
116994
118683
117065
117776
118039
116883
117644
116743
116133
117173
118051
119730
115615
117667
118768
118750
116765
118124
116044
117032
114917
117399
119307
116355
116525
117088
116189
116960
117287
116249
115950
116331
117290
117337
117995
117915
116341
117751
117152
117842
117987
116469
116532
117491
118337
115339
117722
117350
117205
116742
116448
116505
117395
117237
118457
119000
117497
117138
118725
117408
117865
117774
118758
116444
117004
117605
117597
116894
116324
117553
117233
117729
117213
117618
118062
117456
116703
116676
118809
119445
116179
115945
115736
117519
114687
116533
116535
117228
117314
116650
117750
118016
118689
117598
117047
118151
118889
116842
114165
117201
116773
117575
118462
115766
117136
118276
118601
115766
118075
116347
116088
117400
116773
117540
117148
117443
117715
117532
116685
117530
115462
117110
116573
118133
116411
116815
118283
117844
117364
117816
116446
117167
118835
117617
116720
117028
116177
115227
117681
117525
116938
116328
116839
116655
119199
118591
116138
117113
116353
117719
116825
117437
116201
117263
116512
115802
117471
117622
118275
116707
117694
119015
116925
116725
116473
118991
116896
116762
115643
116026
116796
118186
118635
119803
118168
117135
117913
118234
116699
117339
116617
117721
116611
116172
116724
118065
118007
117480
117537
117211
116645
118367
115961
117913
119065
117251
118290
119790
115929
117615
118958
117768
117668
116483
118030
118442
116981
117335
117517
119654
118594
117351
117564
118004
117239
117978
115074
118302
117975
117312
118787
117854
116362
117811
116613
116531
115756
117590
116191
117962
117548
118198
118342
116961
118156
118919
117240
119854
118561
117155
117954
118207
117654
116897
116924
118858
118473
117644
117542
116734
118225
117554
117564
116882
117879
116323
116548
117494
116986
117641
117521
117517
119218
118035
116774
119380
117734
117597
117641
118404
117754
119050
118404
118296
116629
116789
118676
117780
116830
117711
117287
117658
119893
117568
119362
115895
117564
118488
116970
117547
119436
118356
116801
118381
115638
117453
117380
117968
118325
116991
119158
117876
115165
117771
119212
116748
119198
116647
119088
117538
116657
116474
117752
118526
117689
120029
119685
118375
117457
118536
117685
117404
118701
119107
115252
118452
117708
118373
116110
116978
118931
118458
116642
118310
118491
119129
117277
118312
116530
118294
117947
118365
119843
117285
118419
118449
117112
118233
116564
118465
117833
119675
117852
117942
117067
118317
117378
119405
116263
118083
117410
117140
118244
117443
116268
117991
118466
118209
117785
118533
117789
117936
118009
117125
119544
118636
118821
117939
116565
118290
118047
118014
117910
116948
118519
119066
118743
119865
117681
116936
118116
117666
118194
117374
116893
116517
117317
118482
117509
119790
118156
118059
117766
120050
119302
118052
117126
119284
118131
117802
116878
117287
119013
118758
118050
119982
118254
116617
118127
116781
117637
118229
118703
119788
118185
117878
117504
118688
116630
117873
118796
118306
118388
119355
117380
118798
118573
115669
116682
119666
117349
115934
117806
118807
117498
117964
117343
118694
118343
118906
117391
119235
119466
118649
117374
118120
119189
117037
119349
118544
117812
118359
119269
118070
121356
118109
117755
118221
118808
117991
118621
117856
118462
119852
118055
118285
118801
118400
118653
117377
117293
118403
117828
119889
117360
117669
118031
117148
116578
116886
118442
117198
119828
120188
119234
117289
118161
118502
119257
116734
118549
117773
116959
118684
118198
118602
117633
117883
117553
116851
118218
117019
117915
118448
117484
116843
118431
116646
117580
118360
119699
120451
117947
118193
118064
117659
116235
117704
118440
118719
117426
118986
119614
118519
118342
117537
118752
118588
117991
117942
118852
117350
117283
117596
118478
119652
119948
117840
118865
117735
118101
118307
117111
118594
119585
117583
118314
119450
117469
119197
119990
118065
118666
119665
117127
119219
116975
119620
118606
118369
118707
117620
118598
118775
119008
120192
118633
118578
117666
117829
121556
117717
117503
116664
117006
118300
118364
117473
118144
117502
117605
116702
118438
118699
117378
117839
117808
118955
118900
116361
117648
118945
120683
117207
119672
118952
119236
119317
119200
116345
120499
118174
117485
119026
117997
118546
118235
121394
117818
119457
117598
119443
117792
118202
118851
117165
117118
117807
119566
119336
119467
118048
117819
118221
119071
117665
116357
118942
116779
117167
119766
119116
119172
119172
118360
121414
120439
117085
117613
118617
118634
118317
117959
118672
117560
119246
117037
119198
116825
117386
117875
119106
119261
119766
118387
118872
117968
117533
118115
118078
118254
118488
118690
116922
116426
118038
119654
118421
119146
117893
117058
119187
116726
117756
118750
118728
118282
117304
118666
118039
118715
117938
119676
118927
118310
117839
118818
117984
118221
118350
117383
119036
117480
117778
116758
119235
118180
117255
117402
118749
117674
117644
118482
117301
118775
121449
119000
119095
118576
117824
118238
118672
118597
117120
118561
119429
118133
118023
118042
121074
119897
117899
117243
119159
117361
119033
116425
118716
119504
119022
119272
117347
120204
118788
118337
119420
118000
118191
117401
119035
118882
119860
119952
116922
118548
119833
118800
118481
118338
118883
117747
117384
119805
118390
118202
119265
119382
116869
118479
118799
118684
118633
119196
118208
118572
118214
117756
119739
118464
118577
117193
118957
117933
119713
119280
118834
119498
118314
120020
116850
119203
119066
120167
116488
118715
117176
117377
117732
118540
118101
116905
119658
117974
117696
118736
118593
119294
116587
118233
119173
118405
119217
117810
119778
119528
117935
118471
118239
117075
117994
118588
117559
119460
118887
118624
117698
120278
118692
118177
119062
119982
119152
117712
118092
122143
119097
117778
119617
116927
118033
119329
118334
119192
118365
119903
118413
120024
118660
120085
117645
116875
117921
117327
119773
119615
121015
119665
117330
119671
120387
119032
117756
118507
118715
119434
118983
117985
119019
119523
117970
117938
119236
118848
117486
119768
117333
117501
118895
117952
116521
117910
118282
117811
117971
119286
119177
119837
120598
119171
118921
118423
119389
117364
119216
118622
118309
118853
119834
119247
118505
117913
117733
117928
118433
119173
119268
118581
116731
118984
117855
116874
117558
119041
118043
119694
118508
120240
117867
119375
117829
119814
118831
118610
117466
118215
118727
118959
118992
116604
118223
117773
119770
118313
119108
121264
118754
120004
118467
118148
117715
117913
116901
119792
118074
116821
118337
118279
118459
118223
117976
117937
118692
117868
118759
119734
118356
119195
119541
119829
118932
119194
118030
119373
117644
119585
118287
118589
118995
118464
116942
117991
117353
117746
119186
119017
119001
118333
118597
119002
118018
119373
119024
121741
119266
118059
117498
120128
117544
118432
119496
119727
118425
119819
119436
118489
119597
120011
119930
119985
119153
118759
118755
119298
119059
119141
118628
117343
118452
118492
116276
117967
120621
119941
119279
117868
118128
118087
119440
119743
117725
117941
118532
117098
119141
118227
119954
119011
117626
119264
119071
119323
119541
117788
118269
118528
119677
119883
119692
119469
117832
118217
118504
118850
119790
117893
119128
121755
120265
117160
119258
119040
118966
119176
116658
118067
118191
117855
118519
119423
118523
117782
117729
118746
118111
119488
117953
117888
118446
119284
120219
119416
118739
119490
118338
116140
119397
117421
119254
117562
117959
117510
118656
118730
119696
118706
119837
118991
117860
120052
118791
119875
117864
117633
118737
118326
117791
117925
118205
118313
117999
118844
120245
120281
119283
119151
119147
118387
119833
118367
117245
118438
118659
117398
117968
119947
119091
119219
117864
118372
119932
118196
118445
118971
117835
119839
118362
118592
118605
119701
116898
120039
118524
118201
118911
119023
119948
118347
120685
119227
118336
117741
117085
118612
120043
118364
118317
119012
117317
119044
119438
119605
117795
119603
117881
118375
119862
119047
117729
117567
121095
118835
120600
118472
119161
120678
119154
118865
119354
120996
118947
118657
118582
118939
118600
117664
120092
120179
119176
118148
119451
118292
119537
119974
119596
119777
118517
120850
118801
118497
119579
118310
119294
118776
118668
117952
118699
120022
119450
119521
118038
118370
120858
117639
118872
120011
120320
116980
119228
120053
118539
119849
118942
118921
118335
120589
118859
119101
118782
119080
118537
118895
118913
119599
119446
118930
118982
118474
118387
117778
119353
118179
120822
121016
119980
116800
118586
119228
118618
120695
117167
119910
118933
118102
118416
119379
118838
118380
118554
119411
118461
119583
120446
118347
120357
118339
117917
119481
118951
118901
118350
117028
118437
118876
119966
119293
118866
118580
118002
118473
117815
118508
118192
118773
121387
118711
120507
118369
119744
119582
118147
118256
119927
119956
118542
118877
120296
119244
120993
119016
117037
117746
118571
120056
120660
119200
119461
119356
118380
119164
118525
118258
117903
117688
117307
119907
120200
120917
118354
119224
118999
118037
118734
118921
119320
118348
119201
118154
118408
118128
118816
118045
116059
118619
117985
119557
118059
119222
119227
118071
117857
116225
117527
118249
117584
117756
119512
117368
117260
116537
117923
116418
117770
117478
118212
119089
116601
118651
118185
117078
117257
117938
117803
118284
118113
117532
117073
117731
118073
118721
118310
117292
119005
118411
117586
118712
118846
118237
117605
117407
117777
118011
120246
116630
117534
118121
117688
117162
116538
117564
118019
118451
118751
116110
117189
117092
118783
119655
119312
117306
117927
118447
117421
118043
117707
118831
119667
118499
117714
117996
116853
118657
118621
119622
118031
118592
119414
119143
118748
117005
117302
118568
119065
118886
118183
119550
118288
119335
118055
120226
118293
118280
116906
116744
117707
117379
117633
118025
116765
119888
118159
116812
118714
119506
117593
118353
118742
119081
118062
117601
115989
117688
118100
116740
118450
117066
117845
116807
117261
118052
120142
118320
118856
117523
119045
118911
118309
117626
118688
119104
117666
118770
119194
118026
119331
119009
117086
120169
118458
119903
118869
119227
117643
118927
117743
118788
118734
118057
117370
118102
118066
118461
120282
118187
119410
120036
119727
119008
117075
117357
119683
118888
117113
119245
118525
118155
117972
118187
118095
117979
118219
117637
117734
120342
117231
118706
117282
119758
118357
118910
118948
119433
119192
120353
117512
118737
117216
117478
118312
119135
118625
117511
119358
120319
118683
119486
118276
119151
117863
117781
120812
119144
119296
117288
121467
119141
119462
117458
117056
118839
119544
117468
119207
118849
118701
119378
118415
119465
118459
117305
117267
119135
119960
119885
117516
117688
117746
119946
117209
118762
119054
117637
118739
118287
119327
118490
120058
118818
117897
118120
118711
117780
117914
118668
118269
119245
117421
117641
117461
119111
118585
119313
119387
119557
119213
118413
118487
120072
119001
119400
120099
119911
119508
118573
118891
120218
119422
118568
119865
119562
120064
119054
119369
120209
116118
118157
118730
119725
118937
119794
117565
120395
118475
118346
117354
118202
118785
117674
118011
119375
119903
118618
118234
120121
117467
118131
119248
118500
118056
119695
119006
119055
118253
118608
119401
119075
117694
118564
117565
119082
118950
118138
117745
117173
118428
118750
117496
119195
119690
117158
119138
118603
119413
119286
119533
118163
117882
120002
118193
118184
120266
117666
118508
119022
116289
118010
120206
117553
119685
119673
117768
119717
118587
119631
119118
118215
119142
117218
119500
117023
117296
117335
118806
118781
118017
119479
119424
117662
118638
118243
120300
119257
118060
118595
119543
116760
118995
118642
119337
121013
118538
119061
119819
119264
119309
118064
118055
119568
117605
119437
118001
119731
118872
120108
118360
118632
118028
117704
119923
119912
116496
120861
119127
119973
119468
118830
119508
120373
118031
119359
120339
119421
118536
120324
118357
118545
119713
119318
118145
117748
118930
119468
119378
119675
117111
118654
119307
119572
119464
118396
118792
120258
119704
118620
118648
118001
118270
118630
118110
118752
121458
118342
118083
117739
119747
118768
120304
119385
118719
119046
119665
120885
118783
118135
119098
118307
119127
117366
118365
120204
117859
118636
119602
119126
118658
120798
118988
119032
118432
118633
119972
119761
118808
119011
118147
117875
119997
119086
119513
118615
119516
122312
121132
119227
119004
119653
118819
120732
118175
119982
120652
119251
120311
119274
121539
117996
116807
117914
120309
120326
119885
118013
119225
119166
119414
118252
119507
121212
119251
119542
120715
120129
119245
119613
117775
119060
118567
119268
118146
118868
119356
119700
119882
119960
119171
118092
118245
117024
119115
119790
118852
117694
118487
118849
120055
119256
119313
117072
121046
118666
118121
119972
119927
120659
118416
122353
119978
120334
119983
120463
118969
121366
119197
120465
119093
118972
119694
119896
119730
119763
119564
119975
120129
117488
119478
120895
119257
120001
119160
119689
119020
120028
117416
120378
118688
119713
119845
118524
118612
120164
119592
118442
118023
119439
119816
119945
119302
120817
119086
119491
119874
121311
120147
121754
119535
119529
121577
119267
117584
120123
120054
119536
119828
118753
119828
119222
120336
118497
121401
119806
118416
119833
118580
118861
119524
120993
120630
120067
120344
119577
119187
119848
119771
121294
120004
119037
119767
118958
120028
118915
119965
120975
119460
118309
119528
119890
118343
119030
118075
118118
120921
119539
121235
118611
119941
119397
118652
119876
120675
118926
119007
121251
120554
121087
121073
121154
119769
119768
120494
119855
120409
118728
119382
121044
120436
120273
119884
119866
119644
120136
119158
118708
119509
120305
119307
119599
119713
120128
118829
119071
119237
119029
120055
120234
119176
118898
119620
119722
119293
121267
119237
119139
119250
118805
120680
120300
118697
119863
119692
118942
120272
121823
119488
119165
120050
119707
119170
120129
121506
120349
117674
120305
119579
118865
120012
121098
119271
120901
120086
120638
118821
119791
120000
119963
120581
121245
119208
118410
120163
120207
119063
120444
118727
119731
119412
119444
119938
118392
118231
118784
120181
119829
120856
118224
119203
119034
119128
118000
120156
119608
119167
118924
118653
120077
121175
117699
119275
119377
120268
119367
119637
121389
119903
118862
120879
118430
120968
120243
118880
121228
120260
119701
118798
118674
120317
120336
119966
119867
120234
121324
120577
121903
119857
119800
119873
118604
119010
119733
119128
119528
119773
120308
120333
120406
118691
119040
120028
120278
119256
119567
118549
119998
119999
119108
120063
120133
120298
120029
117553
120838
118102
117604
120236
119503
119618
120945
118573
120543
118727
120030
120084
120812
121199
120251
119770
119885
120678
120589
120310
119193
121829
117795
118357
120254
120080
119951
120387
118571
119446
120405
118699
120219
120447
121420
120693
119610
119404
120805
119520
118773
120468
119202
119865
119191
120875
118972
120427
120979
120459
120257
120135
118414
118611
118643
119602
120127
119665
119663
120483
120660
120336
121466
119877
120254
120156
121442
118763
119273
119989
118269
119158
120427
119451
120542
118868
120138
121231
119822
120978
119383
119679
120552
118329
120485
120340
119636
120642
120104
120609
119311
119830
120496
119871
117891
119494
118770
120435
119264
119540
119612
119994
118615
119278
121317
120875
120012
118932
118755
120944
120384
117802
118526
119574
120027
120101
123119
118462
119322
121403
120572
119704
120255
120128
120791
118941
121040
119734
118249
118763
121103
121754
119694
120518
118390
120973
120175
120539
119769
120258
122918
119733
119571
118781
119561
120672
119612
120749
119964
120676
121050
119568
120523
120817
118132
118909
119898
120717
120685
119591
119956
120749
120287
120518
119647
119511
121250
119562
121179
120659
120057
120226
120188
120416
118902
120321
119954
117511
119562
121281
120485
120443
121052
121553
120517
119793
121494
119836
121589
122507
120593
121818
120844
118864
121349
120694
120192
119785
118534
120263
120752
121336
119870
120685
120241
118808
121227
119175
120390
121031
121868
120680
118772
121640
119320
121774
119329
120200
118848
120504
119814
119243
121379
120677
121170
120241
122141
122468
121365
121326
121216
120692
119608
119997
120301
120154
120503
120449
119968
120721
121117
121009
119379
119329
121268
119908
120166
121338
120197
121458
120308
120405
121122
121917
119014
121347
119155
120452
121981
121695
120953
119040
120695
120543
120208
119719
120819
121595
120772
119397
120558
121640
118287
120143
121085
120797
121726
121279
120425
119486
120578
121989
119974
121410
121190
120642
121053
121238
120505
121709
119861
119733
119751
118894
119906
120904
121340
121147
118795
122761
122563
120197
122563
122603
119909
118895
120359
120950
121059
121483
121984
119365
120088
120200
119691
121299
119602
120318
120675
120558
121063
120089
120066
123106
120137
120990
119342
120445
119803
120349
120685
123130
121307
119477
120431
122615
121547
121358
120937
122562
120344
123329
121985
120938
121485
121639
120911
120620
121172
121248
121900
120945
122366
120940
122152
122349
121604
119031
121756
120994
120278
122582
120936
122869
122484
122824
119821
122908
121192
120964
120984
121335
120461
121501
121222
120499
120907
121170
121166
119650
122022
120424
122579
122554
120405
122140
122076
121368
120188
122180
120741
122500
121709
120739
121861
121548
120650
121546
122326
121318
122042
122683
121954
123117
120266
121026
121861
120950
122278
122529
120684
121578
121716
121298
123291
122172
123111
121286
120743
119807
121430
123145
120618
121471
122047
122105
120524
120406
121409
120982
120845
123004
121714
123381
120312
120304
120900
122309
120883
123510
122192
121448
122531
122518
122145
119840
121950
122569
121715
122668
122264
121973
122155
120777
120522
120222
120910
122240
122474
122529
120981
121631
121069
121968
121126
120775
122621
122634
121576
121977
121981
122059
121867
122071
122015
121217
121473
123947
121140
122408
121774
121821
121935
123097
121526
123328
120479
122220
121764
120462
123129
121909
120909
122115
122514
120856
121565
123487
123118
122501
121774
122137
121151
122776
122091
122581
121890
121232
123544
121013
120343
123150
123232
121464
119943
122816
121049
120140
122755
123178
122909
122159
123061
123202
122263
120244
122155
120311
121068
121080
120132
123694
122693
120688
121034
120356
121068
122353
121283
120411
121734
121575
121506
122071
121952
122103
123011
122775
121022
122985
120212
122953
121526
120712
121143
121076
123051
122732
122552
122691
121065
121912
123467
122146
121030
122368
121109
123826
121780
120101
121998
120551
122166
122517
121840
122061
121376
121275
122672
122126
121091
122119
122942
123856
122433
123073
122003
121701
121642
123194
122877
121534
122118
121894
120815
122391
121679
122015
122430
122275
121362
122895
120976
121690
121389
121109
122513
121794
122644
121350
120363
122307
122564
120407
122210
123336
121949
122611
122234
122568
122107
121722
120904
121872
121772
123643
122353
122034
122569
121962
123998
121204
122930
121170
122813
121216
121675
122261
122333
121819
122582
121529
121896
122731
120960
121202
122029
122708
122524
122624
120818
121945
122198
121024
122990
122628
121708
124039
122507
120600
121950
122947
122922
122337
122062
122353
123160
121737
122749
122387
121370
121740
123280
121241
121634
120660
123134
123510
122975
121113
123217
122765
123749
120934
121414
122723
121991
121265
122308
121720
121734
122220
122989
121762
121846
124358
122741
121636
121692
122003
122556
121426
122613
120814
122736
120903
121481
122726
121356
120784
121386
121196
121449
120879
123497
121204
123400
122527
121821
123321
122535
122292
124285
122564
123159
122513
123150
122810
123751
123165
123366
124008
122001
121701
123343
122676
121481
122021
122276
123096
122786
122591
123345
122394
123126
124017
122904
122353
122991
122648
123068
121378
124259
121691
122787
122121
121859
123072
120541
121370
124428
122988
123837
121561
124140
122468
122988
122653
122434
122560
122437
122622
122829
122491
121277
122795
122852
124518
122829
122624
123645
122175
122795
122432
121581
122488
123983
121070
121522
123085
123547
123456
121354
123523
121047
122818
124133
123710
123411
123675
121927
124218
122975
124505
120285
122448
121838
123137
122937
122127
123042
123610
122950
124934
122912
123187
122175
123719
122437
123863
123140
122947
123723
122453
122474
122741
122503
120839
121238
121695
121850
122868
122448
122676
124086
122711
122118
124150
125186
123367
121928
122921
122687
123333
124010
123424
123980
123667
123466
122925
124944
123506
123312
123777
123427
123609
123672
122633
123018
123402
123875
123139
122377
122998
123089
122841
124285
124204
121795
123536
123582
123057
123167
123140
123435
124154
123575
124230
124528
121712
124534
123021
121979
123848
122275
123204
123882
123146
123167
123166
124912
123888
122114
124279
123906
123998
123291
122995
123956
123321
124008
123666
122176
124381
122911
122958
122450
123858
124037
123284
123958
122986
124440
122804
122513
122600
123511
123458
122572
125233
124808
124385
123729
123109
122596
124133
124402
123934
124231
124535
123670
122296
124392
123417
122541
123112
124210
123875
123542
122215
124711
125279
124408
122868
124126
123058
123552
122530
123884
123090
122720
124211
123385
123241
123451
124027
122679
121969
123403
123567
122567
123793
123844
123780
123818
122329
124405
123582
123720
124200
123015
125818
123059
124715
122991
123162
123033
122444
123174
123572
123995
122074
123890
124066
123347
123634
121720
123301
122956
123887
123156
122510
125817
122845
123979
124358
124499
122089
123847
123576
125347
123831
123359
125331
124680
123285
123717
124415
125172
124529
123372
123179
123668
123751
123776
123456
123497
124723
124441
123973
124014
121469
124558
124517
124716
124061
122889
122738
124933
125101
123428
123004
122924
123672
124108
125274
122992
124489
123898
124680
121840
123830
123345
124147
124710
124145
123676
122910
123386
124405
123715
123531
123196
124275
122834
123487
124620
123413
124844
123472
125686
124792
123865
125401
122598
124730
124112
125037
122477
123837
123888
124334
123994
125732
123677
123450
123086
124363
123714
123044
125927
123806
124598
126515
123256
123633
123257
123243
124028
124066
123688
124270
123280
124035
124960
124341
123278
125605
122043
124032
124316
122317
125688
123051
124050
121661
123848
124189
123525
123290
124391
121423
124191
123127
125261
122638
124231
124401
124723
124942
124039
123417
124665
123564
125850
124046
126218
123951
124820
122984
123655
125088
126752
124627
124373
123369
123918
125453
122193
123565
122777
124095
125940
124182
124686
125039
123951
125030
124967
123598
123498
123920
123963
124030
124502
125271
124326
123905
124450
125783
124642
123898
124127
125022
123872
124615
125089
124956
123113
123034
124831
124386
124336
125312
124607
123916
123512
125309
124206
124315
125963
125365
125485
125575
126750
124341
125886
124972
123244
124653
124480
125032
125327
126316
125697
125035
124889
124614
125196
125956
123542
124068
124670
124551
123957
126699
123280
125221
126245
125826
123529
126104
124403
123896
125444
123700
125286
123908
125251
124230
125034
125611
124228
125644
127042
124237
125305
125113
123724
125546
124974
124704
126460
126012
124183
122973
126447
123361
124175
125300
125577
124388
125346
124342
124458
124722
125534
123744
125597
124146
124982
126075
125450
124505
126288
124154
125738
125650
124671
125759
125468
125347
124673
126432
126834
124087
125565
126502
125637
124336
125559
125454
125694
124241
122913
124892
125274
126373
123888
125046
123599
124086
125361
124560
126931
125138
124141
124201
124889
124149
125143
123910
127717
124202
123400
124743
125781
124847
124418
127206
124068
125460
125875
125791
125580
125627
124522
124998
125115
125891
125503
125455
124013
122540
121916
122693
123470
123523
122536
121343
122342
122257
121656
122910
123672
122227
122794
123701
123007
123070
124404
122293
124784
124039
122949
123499
123513
123325
123764
123200
125050
125511
122574
125110
123523
122966
124166
125363
124412
124779
124385
122515
124506
121958
125106
123859
124973
124485
125123
124316
122971
123447
122941
124077
124504
124570
124443
124792
122621
122326
122058
124103
124955
123311
123891
122862
122799
122981
124977
124073
123152
123288
122992
122733
123668
124846
124558
123273
123782
124281
123545
124787
122487
123810
122992
122946
123164
123585
122052
123714
124553
123621
123680
122019
125119
123186
123195
122529
121567
123064
123297
125117
123036
124061
124811
123540
123993
123824
122829
123942
123390
124306
122003
123853
123963
122341
122923
123676
122032
123163
124269
124559
122596
124537
123384
123222
123304
123548
123912
124534
124138
123482
122861
125568
123898
124961
124089
122902
125258
126865
124779
124384
125790
123945
124124
124598
123691
124754
123855
123778
122886
122577
124466
124889
124103
124000
123995
123850
123656
124048
123597
123667
123177
122836
123436
125217
124121
124898
123913
123145
123707
122935
122254
123905
123225
125546
124868
122364
125229
123781
123930
123801
124877
125068
122974
127148
123667
124890
123437
124090
124709
124133
123998
123672
124497
124103
124292
123057
124460
122633
124080
123334
123944
123776
122952
123488
122764
123183
124182
123010
124588
124005
122942
122903
123146
123568
124257
121924
124160
122662
122376
122863
122821
122547
123284
123021
123781
122377
122629
123752
124020
123661
123149
123780
124110
122873
123681
123556
124204
123887
124975
124298
123924
123398
124995
123082
123513
123213
124799
124150
122550
122692
124467
122820
125421
124651
124207
123594
123903
124031
124290
123268
123865
122718
122405
123677
123868
123523
123150
124295
123409
123779
124122
123182
124726
124355
122887
122968
124252
124759
124026
122914
123998
123533
123999
123691
124362
123116
122774
124330
123377
124847
124421
123962
122249
120926
123085
124422
123295
122881
125445
123868
124800
125368
123627
124199
123346
123941
123716
123005
124119
123555
125919
124026
124158
124013
123717
124131
123106
124519
123308
124759
123596
124024
123830
123701
122609
123846
124307
125499
123926
123134
123356
124343
125410
123269
125287
126198
124301
122881
123979
125623
123670
123250
124544
123776
124613
124325
124559
123471
125295
124369
123967
123412
124297
125517
124207
123698
125113
123370
125496
124179
125641
123271
123642
124684
123548
124165
125086
124603
123833
124602
122789
123902
124121
125110
124296
125337
123818
123607
123053
123797
124715
123536
125174
124559
122912
123014
124581
125708
124692
124853
124963
123799
124534
125058
125317
124704
123894
123936
126139
124746
124112
124999
127276
124260
123675
123006
123883
123434
122961
125018
126102
123217
123305
123631
125119
124443
125831
123825
124881
123837
123445
124189
125887
123980
124237
124058
123949
124890
124610
123748
125322
123878
124756
123258
123622
126080
124586
124742
123100
124777
124155
124863
123932
123870
123221
123750
126837
124010
125311
125536
125761
124348
125108
126063
124252
124288
125244
124791
126259
126123
124838
125268
124438
126638
125473
123469
123832
124011
124551
125376
124676
125473
124580
125701
123856
124573
125494
124713
123052
124593
124259
126414
124531
123152
125245
124017
124218
124963
124201
124488
123872
123994
124591
123245
124841
124838
124820
124497
123108
123662
124623
126633
123259
124613
123820
124753
125679
125976
123831
124863
122962
124662
125782
123682
124134
123976
124570
124915
123775
124565
125300
125262
123579
124772
125621
124419
125799
126292
123831
127489
124881
127300
123079
125285
125325
125814
125175
126376
125729
124670
125218
124898
125323
124656
125149
124095
125578
125381
123894
125712
124747
124967
124104
125164
126114
124415
125125
124106
125581
124452
125334
124675
123496
126058
124962
125449
125115
124119
124716
123263
124373
127073
126028
124385
124202
124191
124173
126127
123996
125584
125034
123828
125426
125096
124658
125368
125205
126152
124784
124799
125533
126890
124482
125047
123080
125336
123837
124520
125746
124137
124578
124131
125435
124081
125742
126368
125118
125609
124732
124340
126079
125260
124573
125899
124024
124118
125579
126190
125800
125209
124963
126659
125972
124157
124865
125458
124968
126161
125567
126199
124856
124904
125373
125150
125717
125571
124924
125099
124206
125172
125821
125979
125337
126433
125543
126506
124441
125841
124664
124697
126044
126627
125825
125355
125729
124085
125030
125284
126056
125828
125253
125065
124650
125855
125562
126181
125704
123734
125392
124542
126044
125072
125374
125582
126520
125692
125925
125060
126434
126632
125356
125881
124960
126434
126520
126062
127022
125328
126145
126347
125596
126438
124994
125340
125454
125155
127608
125188
125475
125552
125539
126045
126105
124910
126421
126910
124741
126198
127175
126051
125820
125800
125387
126916
128571
126662
127145
125591
126518
124144
125154
127927
127275
126168
124433
126765
126499
126133
125670
125887
125490
126690
124822
126141
124836
125279
126173
125869
126170
126345
126787
126161
127687
125972
126339
127729
126563
126574
124736
125338
127318
126245
126058
126914
124866
126234
125825
127839
125847
125793
125127
126619
126498
125348
125036
124750
125734
125631
125668
124954
126345
125480
124926
125558
126023
126903
125334
128319
126140
124661
126070
124062
126327
125488
125939
125667
127468
126679
125472
125411
127476
127254
126008
127747
125765
126299
125346
124379
125474
127870
126746
127107
126255
127023
125806
125180
125529
129065
126020
125895
125699
125400
126645
126003
125137
126710
127134
127359
125793
125888
125510
126957
125086
125864
125845
126696
125936
126326
126983
125304
125049
126384
125958
125621
125633
125221
126586
126648
124745
127154
125704
125520
126074
125473
126707
127132
124725
125901
125243
125522
126160
127185
126660
126032
124947
126073
125743
125197
125485
126575
126419
125469
127238
127439
125754
127701
126039
125308
126189
126031
126533
125480
126004
125863
126296
128723
127991
126496
126684
125951
127373
125863
126835
127826
126204
127432
125799
126045
126122
126315
127627
125607
126956
126941
127122
128237
126258
126303
124975
125852
126580
126605
126752
127925
126451
125554
127200
125765
126940
127049
125859
126381
126760
125679
127097
126165
126111
125608
126786
125773
125507
127413
126898
128016
125736
128766
126725
125479
128306
126747
127719
127754
126336
125473
127079
127952
125881
127171
127620
126028
127246
126774
127929
127047
126582
128688
126798
129581
126837
126551
126868
126152
127478
126469
126963
127296
126831
128979
128645
126799
126454
127830
125717
127583
126566
126026
127795
127333
126235
126624
126966
126890
128007
127332
127523
128402
126632
126749
128033
128305
127465
127712
125863
126581
127468
127132
127171
125572
127736
126843
125958
126972
127295
127000
126546
126581
126678
125560
127502
126648
127585
127604
127205
127435
126732
127220
127918
127899
128835
127330
126372
126319
127313
126687
128810
127929
127561
128585
126044
126711
126213
127189
128775
127434
128523
127298
127591
127289
128490
126798
126377
127729
127220
127863
127223
128134
125429
128200
125790
127514
128141
128406
127141
127869
127326
128388
127724
128030
127197
128721
127227
127806
128200
126517
127471
127155
125959
130191
127688
127189
127722
128093
127893
127190
127480
128870
127283
129275
128617
126827
129189
128096
127447
128323
129780
128862
128408
129520
129311
129160
126984
128667
127701
126647
126941
127619
127715
128284
130470
128783
127869
128169
127876
127245
128083
127898
128959
127398
128085
127688
128138
128443
128790
127936
128890
126173
128829
127292
128139
128105
127715
128829
129012
129791
127848
129471
128495
130058
128779
127648
128353
127258
128482
127856
128116
129357
128741
129640
127059
128090
128034
129194
127637
128335
129611
128186
130482
130179
129442
128716
130390
129127
127570
129644
127173
127449
129955
128422
128939
128038
127347
128096
128057
128524
128280
129651
128592
129112
129516
128977
127514
129134
127872
128151
128217
128634
128993
131111
129904
127257
128427
128706
128776
128357
128593
129250
130280
130439
130179
127443
128720
127511
128633
128099
128728
128882
129091
129070
129595
128776
129456
127314
128022
128690
128357
128688
130189
129208
127828
129375
128405
128002
128396
129931
126206
129766
130137
128342
128115
129885
128250
129542
128674
129509
128771
128169
128964
128789
130133
127469
129695
130604
128701
129082
128725
128283
129136
128282
129987
127422
129082
129010
128896
127979
129706
129121
129580
129016
128951
129138
129741
128695
128727
128503
128876
129099
127830
129510
130672
129382
129712
128907
130135
130775
129627
128742
129993
129277
128378
128848
128174
129029
129497
129338
127646
130620
129690
129516
128518
128390
128853
129179
128198
129408
128856
128965
129899
131012
129552
129782
129861
128924
130703
127963
129006
130662
129961
130315
131000
129909
128256
129441
129938
129658
129550
129020
129376
130264
129130
130069
130348
129255
129762
129582
128177
130031
129899
128828
130526
127582
130083
129094
128927
129111
129417
129794
131096
129813
131140
129969
130693
129351
127388
130723
129310
130514
129722
129750
130122
131585
130165
129834
129717
130175
130251
128194
128776
129459
130781
130935
128713
129640
129907
131110
129158
128876
130069
130287
129509
129544
131922
129551
129951
128764
130419
130579
129843
129770
129404
129911
129464
130770
130928
129688
131067
128016
128963
128103
129143
130814
130132
130038
130415
131384
129458
131880
130633
130611
130206
129106
129855
129475
130195
131739
128995
130319
131867
129710
129521
130245
128850
129177
128556
129782
130445
130344
130952
129621
130015
130666
128340
131305
130931
129174
129843
130135
129343
130215
128907
131236
129633
131284
129804
129075
130683
130402
130873
130511
130308
129856
130978
130908
130700
128797
131175
131799
130368
131509
129919
128816
131789
130405
130111
132033
130132
129691
130452
129923
130627
129340
130714
131422
130984
130736
130039
130570
130910
131109
129106
130152
132771
130586
129361
130701
130889
129462
130992
131531
130610
130563
131269
129503
131031
131389
131927
131691
131510
131055
128834
129455
131469
129969
130545
131061
129994
129910
130227
131500
131836
131325
131412
130516
131141
130774
130140
129878
131329
132368
132024
131985
130341
132912
130245
130705
131674
131123
131939
131288
130517
130766
128531
131937
131524
130323
130708
130698
131220
130196
131490
131753
130774
132729
130060
131574
132367
130321
130874
131963
131325
131720
130527
131352
131434
131510
130982
133991
130153
132436
131261
132178
129772
130831
131232
131295
131423
131038
131085
131911
130983
132510
130606
132204
132139
131710
132894
129780
130877
131357
131702
131280
131816
132310
132181
131269
130471
132321
131823
131251
131616
131508
131378
131775
131161
129920
131480
130866
130865
131346
131758
130082
131536
130273
131866
130092
130553
130893
130444
131712
131465
132431
132638
133536
130464
131735
132104
131117
132006
131261
131731
131424
131513
131832
132856
133385
131700
130452
133330
131391
133761
131836
133478
131998
131482
132181
134592
131366
130133
133477
131101
131298
131317
132120
132230
132223
130210
130464
131670
132841
130509
131446
131523
129557
131867
132911
133055
132036
132161
131475
133193
132422
131846
132212
130799
132722
132991
131812
131552
132645
131976
132453
131851
131533
132455
132350
131401
132498
132632
131849
133330
132609
131920
132329
131910
131185
130571
131726
132484
133095
133829
132855
132066
133030
133022
131266
132488
131157
133220
131720
132667
130831
132498
132800
132096
132732
132332
131545
134433
133847
131201
131303
133286
132352
132949
132023
133673
130851
133620
133985
133041
132232
132125
131542
131422
132362
132832
130762
132936
132871
131545
131872
132055
131983
132944
132806
131953
132069
132393
131908
131508
131925
131975
131603
131296
132249
133631
132466
133643
132402
131355
132278
133105
133134
132199
131605
135073
133323
131000
132423
133145
132206
133109
133711
132480
132562
131553
133286
133111
131917
133303
133834
132751
130903
132585
133161
131073
134064
134308
132452
133135
132975
132842
132495
131837
132933
132810
132900
133537
131503
131787
133044
132189
131997
133339
132846
131671
132388
133137
132007
131654
132917
133189
133714
132836
132530
132592
131894
132390
132880
132434
133164
132919
133274
132809
132199
132699
132486
133217
132592
132838
133413
131524
132294
134956
131570
132313
134415
132714
133536
132250
133220
132203
133118
132315
132818
131143
132512
132815
132927
134602
134555
133588
132805
133013
132503
134428
134293
132207
132505
131639
133795
133692
132568
133343
133090
134080
132603
132261
133325
133191
133079
133162
132111
134064
133672
132652
133428
133127
132695
132766
132924
133452
133306
132971
134330
133215
133998
132204
133621
133323
133215
134251
132824
135345
132327
132735
132467
133523
133202
134309
133310
133491
132850
132580
133074
134053
132690
134016
132952
133157
133623
130227
133615
133526
132896
132137
132997
132048
132786
132908
133670
132240
133850
134629
133461
132589
132977
134072
133420
132659
132784
133344
133563
134338
133420
134674
132619
133597
130723
133120
134019
133625
134073
132987
132623
134783
133961
133669
134091
134456
133331
131662
133677
132578
134350
131924
133650
133828
133064
132731
134383
133282
134065
134439
134471
135105
134377
133813
133399
134130
133021
134035
133321
135528
132119
132833
133386
133943
134254
132367
132626
133672
134967
133725
133530
132881
133645
134734
134017
133989
133937
133545
133033
134788
134866
133670
134293
133654
134666
134662
134532
134653
133995
134794
133057
135122
134934
133805
134449
133234
134352
133050
134373
133302
134010
134321
133771
133915
133700
133827
133819
135150
132949
134935
134702
133581
135413
134359
133251
135825
134413
135588
134654
134464
133715
133828
134573
134711
134319
134939
133939
134898
134751
133970
136236
135371
134530
135295
132718
134462
133297
132732
135556
134775
135592
133922
134471
134447
133135
133850
133936
134546
134329
134793
134412
134618
133468
134170
133741
134737
133474
133652
133487
136038
133771
134395
133589
135227
133318
133210
134225
134619
132820
133342
134748
133265
133414
134679
133158
132632
136053
134763
134383
134756
135463
135111
135122
135691
134214
133273
134314
134628
133086
135173
134675
133576
134708
134669
133691
133411
135286
134583
133741
135418
134263
133452
133333
134722
133557
134696
133844
135610
134491
135132
133193
134971
135245
134344
133388
134216
134592
134295
134486
133738
132880
133967
134231
134792
133485
134859
134092
133020
133982
134318
134403
135497
134096
134279
132961
133720
133291
134000
134361
134258
136259
133987
133260
134783
134297
133306
134653
134298
134232
136180
136123
135848
135539
135140
134838
135372
134179
133583
132801
136094
135044
134597
135164
133998
134525
135062
135240
134477
134607
133645
135412
134480
134261
134972
134790
135455
136315
135191
134800
135200
135740
135141
134331
136099
134591
134793
136106
134796
135008
136806
136378
135684
135613
135061
134109
135374
134606
134661
134194
134579
134654
133648
135195
133309
134178
135567
135058
134796
134994
135594
135401
133567
135437
134808
133727
135005
134971
134987
134756
134740
135573
135370
135259
135069
136577
135074
134388
134924
134036
135494
133684
135970
135066
135158
135951
134424
134795
136484
134758
136963
134565
135224
136048
133817
134598
136242
135388
135307
133910
135936
134823
134776
135372
134311
135004
134723
135070
134810
134644
134924
136758
135466
135735
133660
135878
136005
135589
135784
135864
135103
135651
137143
135998
134281
135718
134887
136570
135692
136053
134729
135694
135333
135502
134515
134449
134517
135493
133103
135577
135030
135225
136095
134790
135828
134855
135332
136751
134947
136079
136483
136870
137045
135906
136540
137136
134353
136435
135785
137487
136068
134631
135654
134143
134452
135502
137194
135819
135066
136754
134454
135573
136038
134756
135094
135880
135742
135251
134806
136005
135108
134003
134990
135933
135470
135806
135079
135981
134497
136354
134844
135786
134563
134408
135500
134486
136215
136133
135862
136509
134848
135034
136222
137536
136458
139166
135573
136466
136070
137688
134720
136827
135577
133721
135340
136932
136597
134120
135570
135386
135233
137320
135258
135951
135512
135635
136385
134893
136251
135429
136558
135735
134983
136233
135143
135640
136193
135832
134727
136408
135425
136819
135696
137754
137599
134919
137075
136059
136637
135736
136511
136751
137345
135826
135584
135792
135802
137307
134271
137940
136245
135331
135066
136175
135538
135523
135652
136497
136804
136504
137322
136616
136503
136051
134331
136126
135929
135334
135762
135319
135910
136243
135055
137046
137919
136048
136111
135859
136959
136883
138769
136218
135809
136133
136212
136316
135786
135991
135932
135554
135358
136146
136458
135061
136511
137779
136602
136778
134766
136102
137412
137969
136346
136318
137522
136622
136142
135525
135601
136264
136663
136717
136041
137964
136757
136456
136098
136576
137080
135159
137431
136388
134444
136728
137699
137492
136378
136827
137532
137513
136961
137310
136750
136223
137098
137250
134915
137231
136545
137855
136285
137484
137830
136495
135817
136426
137229
137607
136508
136781
135657
138089
136487
135023
136615
136511
137240
136945
135648
136503
136671
135969
136980
137304
136433
136697
135083
136401
136518
136729
135570
136965
136613
137757
137851
138506
137286
136875
136194
137370
136686
137996
137749
136734
136842
136594
138866
135184
137370
137906
135546
137796
135660
137105
137710
137684
136229
135847
136447
136856
137030
137493
137041
136751
137120
137004
138808
137498
135601
136138
137792
137850
135918
137469
136913
137541
137027
138019
137378
138536
137713
136902
137033
136596
136636
136339
137625
137336
137087
136849
136561
136662
135887
139042
137730
136586
137292
137500
138781
137496
137761
138140
136990
136370
138556
136001
137482
136824
137006
138953
137683
138250
136820
137246
136687
138314
137226
136757
137846
137563
136966
137649
137535
137246
138524
137534
137111
137239
138410
137238
139062
136530
137968
136994
136994
137255
137298
137973
138460
138998
138453
135661
137740
137333
137468
137055
138853
138652
137452
138108
137653
137857
136843
136779
138035
137530
138058
137308
137136
137718
137302
138003
138174
137974
138118
136493
138820
139509
138417
138170
137560
137382
138978
136520
138286
138459
136835
137075
138649
137725
137547
138227
136903
137153
138724
137551
138847
138329
137998
138481
137771
138069
137462
139165
137889
138698
138162
138803
136642
137603
138102
137547
137851
137704
137517
136978
137871
137328
137036
138141
139201
138073
138134
137717
138194
137504
137969
138297
137016
140266
137974
138101
139019
137616
137172
137561
138140
138581
138455
138589
138587
137065
138036
138818
138699
137424
138496
135356
137128
137715
136727
137744
136486
136101
135005
137128
137156
135175
135759
136605
134478
135904
136196
136991
136220
136848
135406
136905
136436
137304
137097
135705
135733
135586
136636
136578
136458
137738
137231
136171
137179
137138
135876
135388
135763
138292
136534
136651
136297
136037
136176
136050
136080
137726
138988
135669
136888
137006
135971
137283
136500
137242
137514
136607
136269
136142
136610
136815
136149
137532
136156
136887
137475
136661
136765
136510
137063
138753
137261
137184
136327
136492
137414
135391
138071
136788
137580
136179
137736
137047
137643
137130
137760
135879
138557
137907
138263
137073
136798
136499
136464
137349
135648
137324
136096
137453
136812
136225
138945
138107
138806
136279
136676
138832
137541
138025
136720
138238
137713
137232
136990
137779
136274
136535
137286
137269
136483
138827
137662
137174
138095
137759
138187
138462
137777
137286
136250
138629
136400
136567
139885
137161
137948
138487
137635
137850
137209
137783
136324
137814
138169
137532
136864
136352
138622
137180
138185
137884
137432
137150
137877
139053
137178
138746
136778
137102
137576
138622
138760
137458
139889
139065
139305
137079
138546
136529
137435
138186
136388
138302
137705
137618
139158
138787
138576
137372
137394
138014
138410
136863
139069
139277
137764
137424
138422
138551
137753
138086
136951
138279
137967
138870
139645
139306
138046
137981
138126
137927
138775
138182
138836
138409
138118
138436
137659
138174
138277
139294
138072
136976
137909
137530
136600
137860
139579
137790
139119
138406
138280
138653
138318
137963
138466
137981
138747
138201
138522
138833
138149
137054
138427
138266
138837
137535
137954
139314
138318
138683
138169
138214
139749
139372
138560
138643
138453
138668
138610
137903
137775
138426
137501
139268
138324
139475
139204
138901
138730
139081
138713
139770
137977
138973
139631
137969
138497
138086
138812
138154
138424
137407
139430
140078
137278
137862
139301
139498
138039
139222
138464
140946
138681
137561
137970
139373
138141
139283
139314
139221
138767
138848
140485
139444
139494
139314
138896
138883
137056
138592
139655
139078
138803
139294
140613
139492
140900
138610
139232
140201
139552
139088
139428
138994
138009
138714
139618
138141
138590
140155
139484
138014
137360
138027
139632
138756
138257
138874
137872
138192
138258
139014
138959
139154
139052
138419
139825
138489
139934
139175
139390
139898
139236
139397
139314
138983
137273
139948
139694
138493
139822
138372
139185
139984
139396
139137
139520
138546
139498
140234
139160
139019
139716
138141
139034
140309
139101
139543
139632
139792
138592
139574
138821
140375
138466
139770
138845
139141
139472
140359
139645
140084
138875
141007
140724
139232
139549
140115
138791
140096
139901
137449
139286
138620
138433
139391
139972
140906
139407
139311
139326
140137
139884
139263
138689
139574
139536
139159
139022
140448
140128
138833
139611
139995
139751
139311
139173
139520
140068
140095
140579
139103
139476
138949
140133
139182
140493
140001
141563
140308
140232
138868
141734
139056
139983
140299
140480
138957
140569
139784
138973
139426
139738
139868
139947
139849
140434
139344
141929
139080
139903
139918
139655
139997
140004
139840
141498
141344
138665
137196
139865
139615
139876
140255
139455
140650
138705
142305
140588
141199
140132
140680
140647
141770
141149
140734
140614
140640
138965
139516
139139
140958
140145
139834
140274
140839
140472
139146
141901
140501
140963
141547
140697
140802
140650
139632
141366
140955
140906
141178
141353
140856
141701
140288
141462
143087
141994
142697
140545
142914
141555
141348
140933
141118
141207
141478
141552
141411
141426
141381
140556
142068
141972
140761
140923
142192
141760
140977
140896
141029
141980
140931
142608
141271
141459
141987
141962
142105
141080
141438
141744
140537
141623
141645
141360
142265
141114
141769
142591
141751
141511
141450
141646
140566
141581
141083
140845
141826
141582
142146
142389
141891
141957
143132
142750
141896
143076
142269
142408
141860
142775
141899
141829
141478
142930
142259
142560
144134
141962
141032
141635
142094
141417
142234
142228
143783
141795
142655
142356
141220
143346
142670
141545
141275
142212
143072
141714
142480
141390
141567
141506
141708
142483
142819
140806
142913
142181
142605
141980
141360
141264
141773
142591
142525
142324
143499
141644
141601
141176
143997
142847
141811
142616
141963
141375
142213
143237
142642
142289
142610
143585
143063
142176
143095
142232
141004
141757
142340
141830
142849
143724
141973
140883
141945
141291
142572
140787
142574
142260
142541
142988
142089
141873
141552
142505
142429
141869
142605
141377
141252
142627
142850
142176
143394
143568
141207
142818
141732
142287
142187
142216
142610
142072
141600
142346
142049
141473
143673
142258
141617
142888
143210
143165
141730
143545
142602
142118
142132
142416
141976
143333
141836
143107
141888
142405
142057
143082
142020
143122
142123
142801
142737
143240
142043
141352
142121
141438
142134
141461
142651
142333
142507
141792
143687
141764
142296
143666
142010
142308
142524
143199
142868
142692
142807
143657
142851
142674
143333
142299
141884
143825
141652
142797
142255
141260
143051
143493
143552
142576
143378
142643
143340
142708
143201
142714
143256
143126
143082
143205
142926
142935
143981
142572
143634
142906
142794
142933
142562
144048
143428
142992
144839
143309
142828
143724
143616
142428
143198
144154
143529
143821
144151
143899
143309
143837
142337
143128
142982
143540
144274
142495
144498
143475
142708
143427
142588
143155
143649
141165
142447
142958
143243
142538
143328
142513
142265
144347
144782
143882
143955
143888
143995
143191
143634
142531
143584
142964
144307
143104
143932
143696
142948
142920
143980
143077
143599
142660
143249
143350
143942
142221
142670
143688
143348
144799
142477
142882
143214
143770
143783
143686
143954
143062
144129
142425
144362
143535
144590
144419
143601
143284
143551
143318
144423
142793
143928
145193
144038
144641
143305
143590
143165
143823
143569
144034
143906
143740
144521
143664
142925
143872
145013
143498
145400
142211
144351
144751
143533
143325
144310
143805
143229
145241
143695
143796
144505
145232
144301
143485
145500
143463
143894
142905
144390
144167
143486
143404
144538
143977
144485
142538
143272
143668
144088
143975
143031
143201
142627
143042
144017
143235
144240
145734
143731
143088
145232
144425
144051
144383
143340
142158
144606
144695
145035
144497
143782
143846
144666
143351
143236
144763
143444
143955
143492
143442
144218
143524
144291
145964
144461
145508
144975
144929
144965
143764
144493
142969
144434
144673
144122
144140
144499
144784
143627
144372
144242
145853
144264
144525
143551
145493
144276
143780
145314
144843
143824
145087
144204
145061
144055
144339
144907
144051
143693
144272
144895
144720
144950
144521
143292
143804
143704
144220
144673
143761
144809
144914
144694
145765
146170
145340
145673
144317
145144
144480
143288
144220
145790
143818
145071
144707
145840
145531
145821
143891
144342
145327
143660
143933
145108
145028
144608
145718
146191
144174
144572
144893
144451
143897
144996
145046
145247
144125
145770
145460
145482
144736
144724
143974
144103
145206
145168
147052
145268
143460
144727
146017
144789
145348
144813
145623
146694
145534
145694
145678
145290
145026
146006
145326
145825
144488
144837
144843
144955
143975
146128
144776
144785
144798
145890
146293
144320
144995
144752
145135
144953
145509
145131
144868
144579
144640
145204
146743
145438
146080
145200
146091
146593
145234
145764
146835
146336
145946
145873
145179
145460
144664
144444
145808
146230
146176
144988
146475
144391
147095
144176
145769
144549
145526
145541
147054
145382
146395
145413
145893
144657
144101
145911
144807
145444
146047
146404
145782
145297
145465
146352
144889
145145
145499
145601
145734
146795
144882
144855
145037
146229
144879
145095
145504
146718
145563
145240
146146
145205
147780
144960
146593
146474
144754
145802
145679
145204
146336
146821
145782
146533
145758
145771
146238
145777
146371
145257
147142
146115
145921
146730
145330
145992
145447
145683
146036
145582
146474
146014
146331
144867
145624
145856
146611
146134
147136
147041
145763
146569
146979
145914
147208
146453
146867
146864
146102
147712
145102
146028
146505
145784
146412
145642
146877
147483
145623
144993
146028
146627
146941
146405
146565
147015
146720
145969
147771
146259
145749
146232
145672
146682
145299
146745
146771
147727
146659
147348
145813
147353
146280
146818
146416
147385
146487
147220
146560
146793
146374
146267
146354
146918
146240
146023
146649
146323
146910
147005
146573
147452
147412
146309
145706
146918
146909
146409
146606
146845
147497
145773
147488
146469
146325
147489
145363
146041
147990
146384
147563
146010
146457
147423
148174
147423
146522
146503
148464
146452
146982
146736
147379
147865
147752
146574
146647
146270
147332
146496
147266
147270
148111
147430
147023
146779
146351
147593
147449
145037
146161
146996
146722
147548
147578
146760
147401
147166
149209
146994
146451
148268
146719
147527
147993
147138
147941
146539
146625
147820
147087
146165
146610
147138
145883
145838
145887
148211
146409
147667
147159
148132
147497
147347
146070
147854
146186
148398
147681
147523
146404
146773
147571
147450
146790
146499
147548
147858
148028
148342
147334
147391
147758
147792
147602
147967
148805
147461
148995
147590
147715
148711
149449
147640
147222
147287
147374
147474
147421
147550
148151
147234
148277
147960
148160
146385
147966
147372
148006
148181
147728
146564
147566
147715
147341
147118
148254
147807
147676
147649
147533
147821
148428
147579
147856
147706
147852
147811
149108
148190
147562
147144
148551
148287
148860
148393
147945
146060
148013
146632
147322
147152
148398
149016
146689
148001
147689
147032
147501
148063
147183
149085
147357
148599
149095
148531
147721
147214
148184
147384
147693
148068
147705
147272
147903
148287
148752
147747
148043
148312
147539
147843
148619
148981
147682
147631
148423
148075
147354
147422
147804
147716
147889
148217
148443
147470
146911
148444
148737
147631
146417
147828
146956
147925
148665
148295
148206
148280
148180
149225
148152
149911
148466
148591
148553
148975
150124
149012
147619
149051
148755
148235
147993
148200
148326
148709
148348
149000
148373
147041
148544
148850
148652
149923
148893
147768
148405
148151
148895
149155
148626
148898
148553
148641
148274
148932
148674
149213
148223
148347
148883
147749
147582
149880
148902
148631
148753
149584
149589
148398
148250
148416
148646
148763
148344
147673
147800
148402
148583
148675
148177
148601
148516
149297
150612
149336
147965
148112
147950
148324
149492
148247
150293
149188
149039
149011
148195
149106
148770
149411
149407
148856
149385
147335
150311
148345
148008
149440
148785
148749
148507
147928
149029
150070
148550
148944
150407
149333
148408
148185
148190
149022
150508
148876
149367
148984
148626
148972
149288
148945
148668
150581
148544
149335
150590
149582
148971
148891
150398
148876
148159
149229
149281
148990
149360
149513
148836
150130
149623
150160
148211
149452
149008
149337
148960
148582
149686
150141
150417
148593
149250
148979
149756
149283
149247
149694
148931
148025
149300
148851
149789
150777
149127
149710
149116
148267
148575
148354
150398
149725
149094
148114
150109
149627
149324
150286
148812
150246
149963
150189
148509
150175
149480
149412
149290
148540
149242
148232
150566
149565
149003
149447
149776
150273
150927
149570
149685
150023
149394
150002
149974
149544
149238
148545
149409
149572
149745
150909
150048
149881
150003
147969
149953
150655
149538
149776
149848
150227
149981
148602
149010
150248
150091
149377
149737
149974
149094
150113
149411
149590
151417
150636
150714
149823
150874
149734
149236
149823
150073
149959
150419
149721
149486
149125
149506
149998
150002
149802
149292
149481
149723
150292
150470
149203
149557
149637
150043
149593
147934
149720
148924
149548
150392
149126
149925
150371
150223
149872
149613
150557
150773
150194
149710
149563
149824
148873
149830
149877
149912
150376
148304
151540
149721
150245
150558
150888
150060
149686
150416
149450
149671
150037
150885
149003
149941
150267
149606
149772
150172
150548
149272
151417
149657
150944
150300
150004
150290
150360
149746
149752
149625
151432
150777
150082
150157
149593
149854
150291
150122
150549
150208
150184
150715
150886
148837
150011
149951
148225
150952
149370
150066
149706
150251
148957
151421
149125
151027
150344
150301
150748
150345
148309
148888
150193
149529
150167
149552
150534
149679
150886
150392
150503
151105
151171
148589
150652
150449
149471
148599
150831
149688
150759
151535
150659
150732
149734
150667
151169
150819
149281
149169
150568
150779
150322
149845
150210
151297
148711
149907
149633
149895
150412
148814
151486
150558
151391
150128
150931
150202
150969
151444
150116
150324
149445
150650
149471
150348
148707
150720
149650
150417
149567
150052
149374
150212
150418
149850
149320
148916
150297
150545
150024
149758
151284
150307
150396
150180
148598
149513
150009
150311
150615
151440
149894
149564
150934
149298
150572
149340
150248
150016
150353
149572
150011
149966
149953
149751
150067
150724
150098
149391
150114
149697
150996
149431
149172
150509
150284
150054
149721
150527
150857
150427
150549
149885
149807
149294
149646
150024
148375
148932
149509
150268
150210
150674
148690
151464
150596
150966
150369
149883
149984
149658
149045
149938
150204
149113
149842
150559
150142
150030
150320
149256
149034
148746
150036
150004
149682
150962
149564
149841
150017
150963
150408
150443
148686
151573
150257
149627
151860
150142
150204
150087
148799
149272
149641
150824
149846
150448
149821
150517
149262
149495
151211
149332
148477
149943
150719
150289
149665
151328
149979
150292
149862
149786
150565
149995
149589
151414
149625
150166
151995
150036
150494
150490
149684
150438
150638
149927
152534
150617
150512
149517
149624
150384
150468
150311
150689
150441
149889
150821
150415
150025
150345
149168
150688
150177
149154
150684
150534
149623
150253
150783
150303
149589
150643
149083
150432
151182
149636
149146
149793
150977
150568
149020
149414
151046
150496
149988
151139
149326
150833
149953
150347
151010
148813
150629
149439
151233
150924
149793
150632
150781
150690
151760
150214
151409
150359
150266
148963
150189
151041
150738
149175
150451
149480
151019
149991
150267
151272
150509
151253
149569
150001
150383
150449
149737
150697
150186
149056
151005
150881
149456
149492
150580
149537
151536
150538
150293
150214
149242
149094
151076
149564
149292
149735
148763
150472
150149
151038
150179
150455
149693
150099
150622
150113
149728
150833
151216
148529
152182
149837
150446
152129
150156
149662
150682
150697
150874
151083
150370
149632
151285
149696
150394
149731
151665
149852
148864
150347
150038
149689
148676
150160
150627
150224
149412
151144
150197
150053
150237
150419
149404
150174
150806
150988
149747
150542
150742
149735
151402
149810
150012
150491
148930
149317
149436
148903
149663
150136
149763
149944
148694
150155
150660
150260
149350
152279
149133
149783
150835
148992
150673
149767
150334
149706
150067
149874
149852
149685
150454
150375
150743
149573
151123
150515
150722
149624
149198
151102
149435
150031
148965
149383
150464
150174
149596
149900
150321
151031
149906
149450
149940
151072
151049
150440
150553
149232
149471
150122
150273
151207
149500
150423
149471
150229
149729
150988
150360
151048
150348
149779
149349
150909
149003
149422
148799
150842
151785
150735
150304
150406
149357
150413
150175
150848
149161
150171
150162
149907
149827
149994
150347
149954
148824
150093
149443
149155
150431
150392
149512
150025
149736
149811
149889
150193
150657
150575
149038
150650
151539
150012
149685
149320
149005
149833
150592
150137
150519
149129
150145
150119
150382
150373
148833
149504
150265
148808
150274
150403
150465
150464
149967
149563
151727
150437
150547
150497
150241
149850
149145
150970
148825
149466
150439
149802
151034
150847
148953
150455
149951
150716
148725
150606
150464
151094
149854
149660
149228
149858
149627
149542
149794
150417
150008
149560
149911
149544
149772
149743
149739
149536
151323
151879
149905
149800
150361
149508
150403
150838
150486
149268
150183
149502
148425
149366
150344
150757
149082
149865
150972
150962
150859
150615
150778
150398
150290
150387
150623
150266
150241
150288
149900
150320
150038
149861
150277
149952
150073
150430
150682
149313
150388
149441
150536
149728
150544
150185
150400
148531
149547
149153
150256
149518
151626
150093
152030
150457
148714
150020
149382
148927
149224
150482
150538
149175
148759
150265
149430
149434
150094
150502
150197
150328
150369
150508
149047
150076
149898
149482
149286
148738
151003
149998
149297
149946
150742
149389
151192
148967
149400
151172
151360
151455
149437
149339
149913
150052
149842
149299
150147
150780
149247
150166
150099
150254
149845
149390
150465
150513
149215
149796
149757
150004
149643
149127
149087
150044
151007
150775
149633
149255
148866
151368
151372
149229
149905
149687
149689
150356
150046
150003
149823
150601
149682
149419
151067
151296
150221
151370
150257
150481
150659
150099
149725
149116
149522
150371
150086
149118
151037
151112
148868
150657
150621
150884
149692
151540
150270
150706
150447
149430
149948
150398
149953
151324
152179
149979
149040
149484
149837
148820
151209
150487
149300
150637
151081
150312
150295
150195
149401
149948
150136
151352
150315
151519
151136
149905
150264
149487
150084
150744
150042
150145
150274
149176
149146
150562
150535
150117
149913
149696
149885
149936
149411
150185
150761
150731
151269
149574
151304
150770
150998
150601
149297
150856
150093
150524
150315
150686
149401
149669
150441
150161
149602
150242
150917
150094
150268
150263
149925
151620
149561
150988
150945
150386
149573
149503
149721
150541
149675
150419
150926
150146
150529
149588
149552
149584
149819
149993
150933
148759
150461
150040
149382
149548
150739
149950
150188
150600
148383
149802
150459
151205
151662
149959
149926
150873
149871
149365
149321
150602
149815
149265
150349
150094
149368
150689
150471
150348
149814
149821
150182
149759
150266
149408
150625
149497
150040
148992
149594
149999
149850
149421
150279
150729
149085
151345
148935
149540
149867
148589
149922
149575
150151
149294
149495
150858
150376
149688
150341
148602
149664
151120
149844
149855
150655
151200
150484
150366
150431
149130
149295
149080
149160
149177
149072
150931
148839
149710
150587
150831
150429
151212
148830
149936
150313
150663
149815
150180
150136
149930
149363
149460
150272
150419
149935
149315
151084
149586
149619
149177
151985
149656
149842
150602
149700
150387
150409
150754
149467
148458
149243
149674
151185
150664
148911
149632
149602
149893
150618
149028
150308
151011
149279
150007
150090
149481
149794
150551
148460
150174
149812
149706
149314
150292
149907
149832
151268
149123
149886
151301
149219
149487
148781
149371
149593
149758
150392
149966
150613
149910
149307
149763
150135
