175778
176309
177546
176370
174747
174236
175039
173042
177320
176135
173296
174247
174457
175118
175547
176231
172736
174117
175117
175805
175486
176284
176705
174036
176116
176536
175013
175651
175312
176155
173516
174334
174726
178023
174496
175528
174739
174943
173910
177070
174842
174964
175641
172870
174543
175410
175547
174892
174746
176783
176639
174893
176338
175223
176047
174872
173688
176438
174911
175402
175292
174772
173144
175393
176518
175137
175053
174811
175325
175649
175060
175962
175214
175823
175851
175109
175610
174196
174351
176785
174580
173336
173506
173727
175434
175222
173616
173321
177520
174505
175135
176299
175206
174204
174945
175340
174737
174204
174502
176386
174420
174622
174231
175160
174195
173677
174551
176066
174694
176478
174759
173802
172877
173749
173627
174657
174477
174763
176441
174186
174262
174643
175565
174567
175296
175008
173618
174448
174744
176376
173690
174689
174349
176454
174096
175658
174563
174040
175999
175521
175128
173697
174992
175172
173416
173988
174871
175498
176142
173383
176224
174866
174703
173229
173157
172969
175559
173990
174661
174578
173630
174504
174373
174034
174893
174247
174312
175267
174980
175324
174707
174549
173805
174316
173030
175519
172118
173554
175060
175556
174115
173130
175175
176210
173793
175272
174695
174021
173609
175803
173891
174083
174824
174999
173918
173778
174640
173472
174364
174787
172395
176847
173534
174173
173534
173811
176763
175966
174401
173521
175511
174320
174975
174265
172901
174968
173708
172992
173025
175133
174144
174342
174764
174085
174993
175346
172970
176592
174272
174341
175013
173769
172955
173386
174440
173206
176148
174271
174626
173768
174968
174685
174120
173810
172558
174322
174039
174910
173517
175229
175444
174917
173233
173167
174553
174667
173898
175196
174699
175206
172916
173247
173749
174924
173834
173170
174100
173502
174138
173493
172963
173980
174823
174055
174839
174101
174381
175996
172187
174365
176600
176132
173589
173519
173792
174339
173898
173374
172179
174749
174052
173567
172800
174539
175268
174227
172899
173662
172585
175078
173635
175710
173981
174866
174233
175138
175049
174216
175272
172260
173824
173767
175057
174283
174510
173701
174581
174391
173611
173273
176367
173335
172684
172464
173580
174602
174892
174629
174279
174988
175661
172473
175885
174268
174345
173118
173906
176068
175615
175589
173764
174015
174602
173689
174578
174364
176014
175276
176487
176088
173888
173448
172665
175790
173776
174422
174686
173897
172992
172188
173718
174220
174578
173091
175360
172713
173078
173242
174168
173569
174454
174889
174170
173215
171747
172461
173891
174161
174765
174840
173578
173589
174157
174221
174120
173000
174605
173739
173573
173197
174799
173943
173582
173928
174295
173496
175033
172108
173384
172354
176398
173278
174980
174485
172198
172688
173438
172737
173596
172642
173799
172515
172949
172524
174123
172470
173047
173524
173256
173540
174500
174364
172802
171839
176202
171932
174828
175516
174581
174700
175516
174783
173183
174355
171440
172978
176133
172815
173487
174057
173988
173543
173030
174083
172576
174084
173003
175251
172830
173270
173258
174319
174385
173468
173944
173149
172342
173931
175128
173933
173270
173831
175053
174154
173332
174817
175727
175158
175768
172945
173206
174475
174859
175463
174506
174284
174902
174032
172889
174427
175719
174309
174136
174219
172962
176001
174279
174204
175896
173481
173375
175057
173879
173488
173357
173524
172245
174381
174013
174742
174995
172506
173325
176948
173094
172757
171632
171939
171574
174834
172962
175117
175354
172573
174518
173123
174416
174145
171443
171945
173615
172375
175014
173235
174558
171581
171447
175554
172810
174423
172452
174625
176055
175502
172948
174351
175669
173046
176218
175709
172992
174834
173622
173815
175360
173620
174716
173704
175954
176573
171895
174002
172944
175680
173631
173946
174674
175116
175156
175709
175361
175035
174038
175270
172975
173266
171993
173534
171642
173904
174480
173991
172961
172999
172703
175221
171967
172880
175686
172484
172960
172190
172011
172560
172370
175066
174278
171351
175373
172304
173896
171197
173252
174744
174089
174375
174848
177178
175271
173703
174699
172617
173466
174488
173440
175269
174399
174199
176520
172993
174102
172331
175641
172986
175429
174310
171651
172785
173237
173343
176302
172557
172380
175059
174278
175359
173024
173279
173914
173779
175122
173094
175144
175147
173919
173243
174852
174548
172634
174297
173554
172706
172442
173367
174437
176729
176093
174475
170988
176224
174966
174592
175566
174111
172816
172997
173946
173257
173201
174384
172544
171946
173933
173265
173793
173516
173969
173107
172726
172555
173259
175758
173903
173438
173346
173111
171602
172937
171770
174788
172709
173740
172440
174292
172270
173346
173291
174108
173244
176034
170466
173505
174539
174371
175014
173497
174321
173056
172834
175505
172372
173151
174899
174133
174519
172423
171117
174217
171257
169129
171055
174882
174869
172845
171914
173066
170913
173925
170932
173471
174247
173009
175442
172070
171762
172004
172595
171387
173720
171653
170628
174222
174874
174435
170803
171034
171573
173212
172958
173567
175724
174386
168986
173267
174143
174124
171250
170479
173896
172875
172132
172029
171927
176468
174214
177467
173375
173451
171463
174665
173236
173395
173144
172265
173068
172233
175083
175080
170345
172557
175437
171231
174178
172078
172663
174142
174613
174326
172298
172453
173041
170464
172047
174718
175016
173897
174215
173022
170806
172130
171232
173834
173155
174278
170947
171719
176627
171888
171586
173703
176550
172120
174393
171023
173740
173640
173761
174234
171781
170189
174173
172560
173308
175007
175471
174279
173884
171255
174504
175088
174742
172141
175339
172795
173117
172163
171764
172436
175133
173610
173839
170488
170785
173901
171844
171374
172238
173784
175337
174211
169662
171441
172355
170223
173484
174550
172768
171172
169095
176441
172821
174236
173195
175464
174390
174305
172705
171894
175779
173462
174938
173260
173749
174542
172451
170695
172171
170855
172113
173460
174239
174762
172848
172404
175222
174918
174521
172175
171849
170914
171471
171819
174461
172340
173564
172207
172293
170331
171250
172061
172874
173946
173435
176242
175379
170578
169269
172341
172484
174088
175239
173833
170171
175197
175074
176765
175026
173384
171632
174563
172603
172459
172736
175427
173467
175583
175333
169894
169725
178087
173380
174411
171866
175030
172157
172256
171046
172603
172361
174132
173856
174551
173496
172516
174633
168698
173600
174206
172981
171113
171770
171221
172806
171244
171340
171853
169402
170792
171442
175663
177018
175261
175313
175675
173364
175982
169502
172285
170807
173710
175155
172653
173238
171724
170844
174045
173752
173055
169442
172303
173509
175191
172463
172691
171154
174526
170938
171657
172378
172258
172577
172594
171416
171381
173783
174139
174595
170458
170199
170285
170416
171214
173817
174716
170464
170759
170670
171110
172282
171435
171162
171001
172009
173533
175755
174142
171226
172316
170969
170487
173136
176348
172844
176099
174318
170608
175426
175631
171641
170395
170977
173970
170289
173491
172519
170737
172213
175377
169112
175450
174317
172825
173372
174350
169838
174515
173543
176210
174878
170192
172704
174960
173334
173000
171411
176022
173907
171938
174094
172142
173248
174544
173074
174300
175805
172419
175115
173304
173740
170582
173278
174445
171807
174431
172506
177492
177023
173994
170544
171331
170839
174146
170875
172698
171876
170906
170689
174685
170860
170973
170408
177566
175786
173357
172195
170344
169713
174017
172908
175269
171525
169058
173002
171110
171646
174012
173907
172916
173709
169450
170348
172902
176381
172458
171239
170884
174019
168994
169242
170197
169642
169402
171438
173286
173932
174775
172278
169282
173376
173193
168564
169138
169764
174182
175025
173872
172976
170533
168351
169451
176410
174961
175908
171967
170557
173078
171339
173273
170216
173564
169658
173120
173097
175598
173318
173552
175880
171052
172089
172390
174638
174035
169718
173927
175949
173455
173687
171407
170229
170262
169936
172380
173036
172434
169836
169818
169634
168993
175030
174044
173983
176843
175261
176219
175860
172403
171903
171508
172334
172730
174585
172537
174260
172505
169814
171412
170848
168494
172255
176025
170477
171688
173403
172708
172251
175537
175897
174617
173819
169070
174350
172978
171371
170498
172806
173591
173058
168864
173869
173161
172434
168313
173652
176004
174913
168927
173678
167761
170846
173447
172869
170286
172516
170841
175702
174039
173727
173936
175152
172471
172697
174359
173706
173945
169132
170673
174475
173868
170138
174845
170100
174300
173216
175488
173862
170200
173683
172410
171057
173273
172233
172682
173047
169480
175634
173752
170409
170374
168661
169327
170009
174036
174040
173330
167676
168911
175023
175831
175396
176094
173844
175227
173949
177784
176122
174455
175685
174673
174189
174555
170024
174195
172148
173505
174217
175227
169629
173098
173833
174482
173300
172250
171013
173709
172224
172907
173351
172315
171681
172238
172632
171307
173108
176566
175132
168413
169360
174377
174268
174973
173300
173211
174325
171715
170046
172792
170724
173572
173856
173902
172920
173824
175396
174309
170534
169128
174148
172955
176079
173652
169099
167162
167401
167591
170161
168500
166776
175581
171915
170536
171254
175595
171779
174331
169244
173630
175917
172657
174093
170131
168982
175812
172850
176512
173891
173987
172710
174799
173367
171064
170082
172537
170986
169975
174029
173795
169872
171295
169979
172846
176423
172310
173821
172275
173468
172149
167005
170458
169501
173029
172306
167649
172075
170444
176320
174297
176127
173059
173665
176048
173289
169071
168889
169885
168781
170057
170841
169900
166601
166689
173090
174147
168791
168114
176144
172832
169836
169090
171988
173583
167177
169233
171340
171499
175862
174741
173991
175176
174644
169385
169831
169016
173396
173732
173596
174625
172165
173611
175684
172092
172255
176320
173435
172467
172083
174525
172867
167755
173512
171817
173965
174688
169715
173945
168958
170525
172046
173617
170276
175335
173802
172949
171676
172238
172382
170097
174545
173592
172966
174841
175922
174328
174690
174171
166566
169201
174433
174626
170656
170232
174208
168994
173641
168424
173376
174615
175157
174400
172808
173792
176776
175198
172727
171804
173816
173428
173122
174150
174360
172818
170271
168994
169016
175051
173068
171237
169833
171316
172947
175184
176088
176110
168686
170419
173933
166387
170421
171852
173688
176149
175436
171915
175295
175626
172371
171781
173924
174455
168652
172131
172050
172876
168093
169726
171804
168481
173013
173776
174803
169424
175503
173519
173586
169195
169895
169725
166333
166754
172320
176591
174340
173068
174153
172977
168811
173951
174946
174104
169873
175598
173754
172717
175729
174642
171680
170951
171925
169130
171662
172582
171843
175041
173621
172633
167189
167420
167750
167107
169980
167704
174441
170720
169172
174800
173429
171656
173285
173207
175312
175904
176011
172499
172510
172736
173791
173035
168927
175451
174947
174650
174018
174403
173692
171024
168812
170945
167011
169871
172263
173405
173207
173631
168761
173142
167145
166696
173087
174799
170298
172538
174981
173385
170432
169623
175478
171059
172094
171450
172100
174727
172461
168170
167464
172559
176223
172575
174935
173053
168159
173941
172663
171504
173816
176008
175975
173881
173772
172178
171922
172322
173789
174000
172510
174490
171942
173164
175430
174333
171106
175481
172017
169385
170114
174207
174654
171243
173106
171983
165691
166708
167027
170891
168499
167772
168425
166403
169430
167885
170558
166544
174205
172039
169145
170612
169066
171946
175772
173689
173822
166820
172854
167890
166361
174880
169090
168209
170761
170668
173961
173566
172865
174810
173971
172935
172972
175247
167225
169138
172956
166227
172179
173330
169922
175343
176832
172598
170885
170389
172843
174433
170184
170556
173804
176367
173233
172961
168640
169311
168793
174158
173850
174246
167269
173396
175510
173840
171478
171090
172646
173781
171326
175458
173048
166428
166680
167589
172238
170329
173550
172939
177305
174123
169596
173021
172918
171257
170343
172854
172808
173094
176292
174052
175893
173161
171590
171318
167294
166867
169051
170081
175735
174776
176589
172562
177018
174308
169087
171216
172485
173076
171824
172131
171672
171914
172314
173403
166613
167825
166917
169930
168558
168199
173905
175918
174526
175272
169910
174154
174015
166598
166904
166727
168668
166872
167194
173546
169284
169130
168235
167016
171693
174022
165774
169430
169402
170065
173062
176209
176868
175271
173835
166957
175299
170222
170730
172503
168375
173500
174278
167355
172624
165293
168219
165183
173125
170118
170274
166980
168996
175819
173203
170630
171793
169337
171157
170094
170818
172008
176555
169979
167746
166158
169890
165926
172974
175938
166218
173430
168752
166908
169769
170531
169218
173757
169137
172460
172735
169333
172297
172475
175134
168012
174799
172409
169417
169289
169848
168838
168082
166045
172268
171441
172870
166613
171606
169396
173006
173806
175248
173129
169045
174389
170897
167539
169336
167221
168247
173823
168033
173963
168059
168243
172401
167707
166605
166816
166538
175090
173679
172385
166062
170215
174096
170537
172790
174338
174253
170720
171613
175654
172554
175101
168812
169950
166379
172478
170994
169307
170010
170638
173278
172007
172378
173444
174176
171587
176232
174162
174637
174033
175372
168248
172313
168216
166415
172193
171405
173854
175204
170625
166282
172425
172232
169536
169485
170985
171954
174449
173410
176230
176746
174524
173575
172767
172953
171731
171578
170863
168820
176841
175012
170394
168225
169812
170817
171444
170380
170472
169760
169330
166776
165917
167382
170615
165984
166748
167029
172016
172302
173261
172231
172947
174809
168438
171989
170252
165521
166466
165996
165466
167274
171358
170023
167305
171617
173040
170317
168912
167122
166519
168987
172836
169568
175852
167605
169024
175849
172432
172026
171952
174564
173567
173791
169852
170080
166439
173451
170271
172174
169401
168627
171845
172961
175365
174619
174675
174619
166735
167906
171761
166856
167208
167468
168539
167059
169147
171085
167428
167186
168962
165729
172021
171085
169240
170925
170803
174390
171031
166733
168121
168706
168043
167256
171607
172049
171506
173821
170241
169250
175840
173697
173674
168614
168502
167730
171918
171801
174071
169830
168768
167487
167317
168351
165886
167246
168658
169710
166908
165392
166415
173646
176676
173107
173001
176540
175488
173223
174614
171409
170606
165892
168476
172759
172943
172974
174333
173465
175338
172810
171852
172422
169913
170855
171956
167552
165929
166475
166930
172292
174135
173621
171399
170910
171896
171629
175594
172419
166558
167624
165921
166553
172966
170399
166694
166906
173300
165579
169792
171697
174761
170566
170536
166550
172405
173009
171283
171028
171614
172985
173554
169487
170850
173161
174092
173311
173639
173083
165818
168544
168677
167735
172973
173317
167303
165047
167007
169340
168495
168104
167948
170012
172365
169436
168777
169884
170498
172425
169416
172968
172381
170872
170247
164816
163563
164838
167290
174311
176577
165181
164600
165713
164342
165524
165450
170157
170547
166301
171522
170272
171494
166720
166597
165388
166869
164457
163589
172774
170194
169925
170848
167975
169342
167101
171785
172832
173139
172990
169812
170858
167217
166674
168831
169228
168765
170493
170599
168799
166036
168582
170985
167747
168130
167954
173211
174083
174956
171308
167340
165808
171238
170048
175515
167554
167336
169788
169369
171374
173664
174680
171019
170098
167876
168682
163657
171401
169141
170696
169591
169150
171294
170962
170219
169594
165675
168091
166096
168779
166549
165841
165499
165814
169547
168948
168991
173360
175481
174106
167077
166309
166413
167011
166984
167875
172807
169761
171527
172895
171551
165531
167712
170560
173753
171071
165312
165311
174235
173260
164697
166587
167786
168893
169621
170801
167349
172399
171948
173079
173457
176304
171044
167376
165092
168165
169275
172617
177553
176160
173549
168957
167546
167519
167292
166732
169383
169047
175618
176779
173146
171738
173181
172257
170799
168140
168442
167091
165880
167774
164694
166336
166858
171225
174707
173533
172670
174602
173321
172167
173752
173196
171736
169959
167965
167006
168592
171355
166250
171621
168100
169498
164911
167475
165925
168830
165707
166556
164930
167314
168244
172405
175017
168710
170375
172027
171599
173771
171455
172016
172678
173977
172893
173543
171814
170578
170627
173198
167520
164734
170118
166194
168828
167207
167950
166226
172140
168652
173432
172171
173238
175976
173156
173139
174225
172241
173180
166628
164642
166827
167140
167144
170856
167731
170845
170096
170723
169501
169860
168892
173324
173174
169377
170660
171708
168842
174604
170442
168222
168358
167821
168807
169788
172020
167833
168233
168373
174147
168585
169971
174310
171176
166976
169910
168034
172709
172449
168866
169095
170391
164223
162763
170064
166760
164775
164855
165115
165446
168226
172748
171248
173763
166207
170719
167592
170399
171142
173544
166032
164457
168398
166930
167537
166928
169678
163740
166315
167535
167619
166076
167170
166822
173915
168104
167375
166420
167987
167246
166791
168454
168133
163051
163692
163273
165197
165310
168742
162335
169485
172265
170886
170899
172725
165409
164172
168445
168752
171090
167806
169871
168352
169118
168031
165165
165468
167530
170980
172344
170208
168391
165777
162393
165830
168628
167788
167900
166826
163081
165453
166031
166019
166731
169665
166644
166857
164918
171645
173532
175004
173716
174016
166824
168606
169210
169278
164023
174136
171245
166360
170772
168593
169718
166311
167684
165523
163606
163382
165484
163901
164519
166417
166505
167866
167702
168970
166760
171581
169261
163856
165160
164278
165211
164057
164036
165231
166302
169164
167145
163128
162876
167340
170422
166497
166905
164155
169530
164478
169098
170062
170251
166314
165375
170770
168961
170709
173862
172331
167141
168617
166756
166530
170163
168247
169727
167920
169443
167451
173056
171173
172192
171090
169095
167845
169515
171840
170827
167540
168512
171007
169545
169161
167827
169612
169375
168722
170508
171620
172512
170086
168130
171239
168098
163636
164872
163355
163908
164206
168169
170630
170804
167184
167728
164785
163463
164043
169500
172340
173106
172011
171162
169915
174108
167289
166591
167323
171229
167993
168899
165210
164819
165929
169365
170492
167773
168703
171357
171005
169808
169134
170551
169332
165216
165358
166774
169108
165474
168113
171807
168246
174207
173833
174216
175230
171703
169418
164892
165008
165149
168574
167821
171259
169629
169697
169681
166544
165797
164856
163530
162391
164408
170433
169029
170280
163658
170402
170301
168588
169272
175906
171772
171992
168427
169747
169344
168697
171330
164031
167304
169186
166531
166109
166320
168748
166023
173776
169829
170016
166929
168481
167734
166804
171337
171284
171922
165079
171015
168877
166016
165826
166438
166009
169395
168766
170471
171571
166765
170022
169357
169810
167686
168616
168297
168591
171484
171378
170851
171340
174502
174142
168174
166900
168805
168267
168431
167129
168411
169334
167043
168670
168771
168355
161883
163220
170722
167263
162254
168941
165330
163287
165542
164333
161573
164340
167157
166162
166672
167473
167468
167019
167902
165790
167154
166362
166996
166524
168448
169512
168671
170249
169768
168151
163586
164122
163408
164928
167213
166579
164375
169953
166958
168607
164455
166316
162640
164863
171251
168412
169143
168050
168483
168213
167276
170112
163702
169813
168282
163488
169992
165686
163636
169228
169694
171137
169383
171582
169028
165724
167728
166813
166906
166613
166242
167117
167435
168522
167243
166674
168765
165812
165289
165554
166454
168524
169843
163688
161880
166839
163648
166623
169561
173929
172167
170939
168580
169878
168446
167840
168347
169326
171106
166582
168305
169511
168222
166732
168626
167738
166445
165438
168871
167666
165374
165133
167631
168353
169172
165725
171936
169101
163930
162919
167180
167680
167870
162514
164244
162229
163275
164620
167549
163240
164304
166507
165550
164533
163735
168642
168628
168030
166434
170468
174912
171372
166406
168877
171772
171233
167778
168330
167655
162950
167833
169005
167815
170026
170931
169311
170762
168075
165583
165014
167866
167942
170189
167834
163729
167125
167689
167190
168580
169652
170909
162674
163714
163674
162385
162868
162400
161556
162891
170437
167495
168160
163158
162452
163001
162844
163448
170435
168048
163128
164544
166032
163826
165948
169194
172765
168352
163815
163970
164034
165696
166810
167408
169262
166162
167511
168791
165482
167014
168855
164920
164973
165898
169767
168533
166889
169467
166792
168858
169635
164154
165480
167960
170121
166233
165925
162288
169781
165685
163793
162703
161875
163777
163808
164059
167046
169131
167411
166619
167501
171698
170142
167162
165354
167479
168765
166592
169208
166896
168995
169301
171331
172182
172937
167838
169604
171709
163452
163720
164491
163651
167610
163001
167136
165939
173383
170968
172884
173983
173371
172704
174962
173785
170467
173166
173553
174390
175819
170361
169618
165911
168824
166197
168102
169271
168384
161748
163005
167793
168719
164370
163508
162578
167281
167743
166535
165804
165966
170419
166713
167259
170128
166701
162260
163245
162673
163319
164434
163699
164594
168769
166441
175053
175512
176561
176981
173112
171692
169049
166935
163305
170566
163955
163169
163747
167405
167795
169470
165899
164021
167918
166732
166991
162404
165693
167816
165317
166355
164117
162893
162236
163159
162624
166540
162507
168285
161884
165966
162067
162652
161771
162690
162287
167850
162718
162470
161879
162442
162316
167786
168160
167763
170160
163630
167618
161748
163001
164414
164781
166754
167810
169940
168527
168943
166301
167603
168658
170107
166530
169276
169983
168094
168409
168619
165834
162451
163473
168564
167534
167169
167156
167079
166113
165339
166448
164427
162853
162273
163476
163996
162737
163824
164160
165230
166076
167214
166653
166808
168623
165891
164690
163501
165066
163553
163051
166879
164182
167534
166082
165347
166707
166669
168104
168261
165198
162838
162302
164213
163217
167817
167633
163684
166919
167602
168759
165884
166876
166947
161284
163030
167849
162007
163287
162524
162463
167540
160349
170349
161030
161260
165299
167172
167686
167539
162512
167521
162695
168267
162250
171211
165370
170102
166786
161320
161665
169686
170163
171734
170872
169596
170545
167701
169647
176569
168792
167780
166531
167830
163084
164659
172134
162165
163496
167251
164395
164802
167353
166700
168670
168656
168554
166740
165588
167128
167645
162466
167721
161654
165901
162097
163979
162935
163705
164559
167451
168971
162602
161793
166951
165423
167062
166550
165359
169199
165311
167867
165008
166743
164085
166383
167563
167184
161823
162285
161951
163082
166210
164958
162489
167141
166697
168623
168512
168695
166553
167423
166374
171881
168671
164718
163914
163535
162998
164240
163774
162724
162104
162547
162157
162620
164772
165362
164018
166346
167262
165937
168498
168647
165683
166025
165634
166091
165315
163681
165613
168080
174645
169524
166229
166733
174937
163827
163922
163003
162333
162251
166870
168080
168421
169199
167701
167750
167986
167890
166473
167831
166861
164361
166357
166607
168249
165436
167492
166163
167125
165953
168203
167826
175178
169712
174009
168787
173266
172508
174896
170831
171903
174575
171488
174392
173720
168923
173606
174363
166577
169174
168971
173329
169031
169833
170850
173273
172487
170551
168664
168551
168630
169487
170142
173071
169955
161956
162850
163890
162428
162997
169387
162352
162889
167308
166753
162515
163418
162055
165068
169807
165949
163694
161732
163088
162416
161713
161006
166926
168184
168746
168600
174832
175731
173918
167472
167787
166080
165216
167347
166057
165852
170334
169477
168884
166673
170788
164312
166315
164444
172357
172732
168278
166036
172926
169568
168850
171071
174031
170849
168535
172069
171663
170189
168103
169045
163081
164819
163205
165526
163567
162578
169257
165887
162498
165269
167607
169141
170901
171505
171043
171879
170223
167853
171037
171135
173165
170817
171266
174115
168781
172075
171718
168706
167751
167986
171010
164264
168719
168155
168400
170261
171794
171500
168884
166743
166241
164778
161520
163308
162497
162059
162565
162711
166107
166720
167311
169909
165949
166422
165124
163960
160968
167512
165023
166106
161299
166164
164797
167430
163736
166633
162865
161099
169203
167254
166597
170540
170354
169372
167154
168790
166601
161553
163164
164722
163693
160990
167990
167282
168618
163040
164836
161099
166228
166618
162853
165481
171531
167521
167351
166986
166512
165603
166784
165730
165293
168548
168560
166204
167398
165478
165739
165300
165745
164341
167722
173903
167430
163533
163061
161985
161928
162711
163885
161700
162694
161113
165819
165541
163902
166142
161976
162498
162860
163894
166682
164056
165671
164996
165160
164874
165721
166554
168742
168728
170181
169855
169627
168577
170772
169150
167662
170314
168914
168773
174840
168064
170714
166413
165663
166406
168738
168299
166132
164594
165607
166728
165804
164028
166125
162763
163620
160732
160516
163394
166793
165258
160541
166207
163791
164616
164988
165767
162873
164241
163680
164360
161987
163097
170262
171752
172571
174202
163347
162810
161972
162967
165917
169019
168017
168140
162651
163018
161455
164973
166506
167029
166870
164761
170466
169477
168246
165839
167239
167187
164719
164251
164469
165286
165564
165248
164377
164647
165303
165036
166866
167224
163479
170393
170745
173268
173440
172122
173170
170983
169005
168093
172158
172528
171957
174575
168646
169646
178129
175317
172262
177768
174435
174263
168756
167591
167732
167665
166590
166698
167573
164421
163285
160452
163482
165035
166300
165999
166340
166901
165572
172155
171546
165197
164682
169934
171765
171804
169907
169916
168088
164597
168208
165124
165889
169055
172209
170069
166948
170900
171298
170614
171753
170797
171840
167712
168677
168524
169183
169399
165484
167923
166327
167355
166846
166718
168207
172211
172191
169608
169014
169069
167786
169000
162781
161372
162177
163199
163118
162881
168602
167371
167866
167157
170479
167788
167216
162567
165816
164955
162310
167479
165183
163943
164087
163563
162091
161499
162986
162288
162309
163285
165440
165237
162553
163324
162031
167592
166481
161260
162418
160959
163512
164008
164715
165106
164438
163228
167303
165021
162295
166430
163004
164419
169519
165289
166251
166924
163768
167058
167199
163665
161455
164176
163494
165233
162070
164910
162481
161033
161151
160445
161530
165512
163914
165384
165072
164224
162798
162048
162271
161276
162512
163385
162519
163291
162643
165598
164915
164607
168836
168923
163466
163631
167156
169633
169389
169105
166240
163389
167138
163336
163345
163280
162571
168089
165702
162087
165056
164900
167763
165518
167119
168438
165856
164881
166471
168901
166321
166181
166358
168607
165084
162462
165096
166115
164710
167620
168605
169427
164227
167228
167915
169472
168915
165523
165625
163197
163893
166190
163850
168152
170825
172078
170374
169424
170881
168794
167590
165867
163585
163312
164093
162957
162775
164656
161630
162180
163666
163864
163698
163956
163260
163325
167728
166866
163008
163602
161461
161083
167399
165840
165803
163293
164665
171669
169803
168252
167735
169700
164224
162913
163467
162870
162868
170277
167782
167610
166902
167658
165104
167877
163580
162929
161750
163114
163690
166669
163562
169595
172084
169880
167808
167518
168782
166566
169049
165237
170816
171171
164112
165796
168531
166050
162981
171820
168626
168009
167089
168326
169342
171004
172012
170618
167311
168563
167235
169549
167168
167288
165832
165567
167854
168480
165714
169515
170037
168994
168139
168104
165638
165954
165359
166328
163797
167519
168097
167862
166757
166049
165263
162705
161992
162952
163767
163151
161585
163829
161301
162751
162825
161652
165565
164773
162634
162067
161415
165859
166455
166532
166381
165128
162378
160979
164116
162395
162129
164199
161541
163191
163581
165983
163492
163406
163060
166376
167816
170340
167773
165574
174011
172085
174946
174738
170230
167191
167900
173438
166905
172144
171862
174163
172772
174635
171578
167411
165408
167749
175658
174715
172445
169635
170782
168226
170613
169285
169676
170607
167568
168123
166570
166310
167946
167291
166547
171693
169662
168734
170340
169820
167341
167334
169770
165005
164697
164891
161052
160892
163494
160818
164535
162573
161544
163050
167825
165288
170652
170037
171693
170757
168105
168246
168088
168260
169213
167468
170166
171992
167168
166061
168010
166972
167279
168098
168933
171602
165824
169474
171106
168186
167578
168146
170488
164040
163518
165164
164557
164637
163190
166218
167061
166947
168137
168080
166428
167902
166387
167934
165253
168210
171566
169314
169904
163864
162056
163928
165284
162404
162643
164605
163704
162433
162436
160841
160510
161821
162637
162065
164060
162200
161806
164907
165318
165142
164538
163831
165227
162959
163780
164868
162151
162831
163617
163906
164986
164752
162963
162374
163545
163087
162681
162330
162550
163246
163776
162752
162563
161580
161536
161270
161158
163599
162728
161594
163144
160942
162499
164108
168577
169447
163299
164449
160912
159558
166753
164675
164795
162033
169938
169312
168116
167080
168298
168244
168976
170365
160661
163069
161685
164450
164790
164173
163197
162512
163493
161688
165483
162761
164848
163908
162304
163786
161812
161698
162587
166914
162041
161908
162153
163426
160450
162003
164063
160992
161464
160930
163832
165080
161503
166153
162472
162204
161203
164084
164463
163309
165814
166085
163884
168458
170565
170520
166175
172033
170467
169576
169220
173769
168085
169609
167796
168788
169548
167314
167451
169311
163828
163731
161645
163863
164235
165046
161538
163128
167741
163747
165757
165646
168860
164259
162925
164574
162893
162120
164889
165827
162670
162094
162961
164479
164347
164845
164933
163157
163683
162869
164509
161765
167447
162279
162255
164403
164305
161862
161899
162111
162787
162941
164940
167436
164155
162210
165066
161872
163976
162913
164702
162418
162689
166824
166490
166649
167864
165536
165227
166095
164974
164947
167572
164670
165412
164404
163996
166829
165216
165010
166658
165121
164935
167952
167903
167318
167009
161444
162424
162670
162914
162291
160571
160836
161403
160474
162527
161322
163406
161931
166144
161520
162682
163476
162397
164726
163949
162409
165081
162672
161655
161717
161591
161046
162128
161344
163305
160893
164912
163007
168413
164618
164041
163016
166072
165541
161840
165420
164707
163402
161923
163732
164228
162617
162611
163736
165688
162874
165980
164304
163932
162324
161370
163774
162152
163881
163233
161554
162251
162990
161947
164379
161994
164319
163329
162973
162185
163141
162348
164949
161773
160731
164114
161547
160602
162142
167309
165929
164665
163127
163940
167126
168657
167106
164103
161384
163172
162583
161525
163096
164672
163756
162084
160975
162148
161878
164059
164230
161576
163268
165141
165191
164851
165018
164880
169140
167671
163403
167795
168446
166524
164493
169872
168285
164045
164882
162937
163836
165905
165544
164155
165501
164860
162185
163535
164925
164645
164154
164638
166338
164755
161566
163630
161813
163503
162550
162178
162349
161757
163517
162746
162443
163195
162635
163678
162295
164606
164041
167066
166719
165638
166579
165623
165146
166679
169573
170172
167135
167610
169534
167300
168630
172413
171230
167006
169227
174269
171307
167122
163766
162982
165300
164008
164177
164835
166516
163719
163644
165163
165587
166589
167716
171167
167622
168038
166066
164823
163217
167943
167613
163490
163653
164890
163376
165591
163641
162683
164047
160518
162013
166454
161807
161629
163927
162001
163113
163781
164225
163738
162295
162165
162111
162545
164288
165335
167327
169452
166745
169568
166492
166438
167779
165077
163031
164161
163122
163504
161834
163073
163671
163792
162870
162033
163222
160995
164556
165521
162401
161740
168961
170270
162533
161864
161599
163059
162325
162730
163558
171208
163862
160534
162615
161367
163889
164875
161276
162619
161188
164011
161029
162865
164271
164232
163827
164362
165426
166833
164552
164942
167646
168769
161381
169231
168355
169656
166281
162485
161902
161262
162592
162500
164323
167087
164431
167190
170687
171981
172357
168830
170714
169679
172371
172416
170682
171183
169697
168054
170320
172794
170510
167623
166673
161422
163356
164202
162354
163459
167652
162242
165990
164717
167585
163637
161443
162035
160447
161301
161576
163340
162975
163952
167760
163550
163727
164940
164874
169526
173289
167064
163845
162645
163255
163265
162913
163514
163362
164827
163138
166588
165113
168424
167903
168580
167208
166590
162625
163406
162547
162130
162325
164529
162431
163272
165282
163453
164915
165494
167127
164863
163780
163649
162523
163239
163710
161716
164713
161174
163860
163738
165315
161930
162356
163926
163044
165006
161990
164630
163176
164788
163859
163681
163636
164937
165817
166434
168973
162523
164027
163850
169176
161651
165184
167166
168595
168107
165223
166538
164692
167042
166947
166354
169078
169295
168487
167644
167445
166474
162879
162610
163909
162244
161991
161851
168766
163060
162245
163381
163709
163143
161067
164168
164439
164152
163692
163227
165706
166167
165394
166121
164310
163740
161474
162982
163422
161703
164215
161364
163787
168466
168544
165580
167901
169089
165560
166637
166226
163132
163088
162807
164193
171332
171749
165455
163789
166184
167916
163620
164497
165219
162726
163738
165803
165433
168711
166473
165672
165452
167416
166451
162495
163591
162658
168887
169832
166297
170005
168519
169344
163862
168839
169187
168274
168718
169521
167456
165092
164269
164816
164159
167347
164497
163222
164684
162709
163567
163928
164736
163145
163510
166551
167007
164835
166243
164570
164673
165318
161833
161831
162907
166064
165344
163090
163389
163514
163350
163884
162748
163553
163526
164963
162979
162112
163169
163871
163339
160489
162898
161836
160387
160348
162697
161684
164003
160605
161196
165907
163020
162404
161415
161443
161552
163953
163845
163924
167314
166938
163916
163840
162935
163654
165280
164983
164582
163073
162699
162512
164498
165098
166540
163325
165483
167643
170343
167523
167143
164510
166556
165488
164286
166688
166191
167642
165304
168488
165598
165522
167895
163517
164216
165923
162104
164860
161384
163675
162965
163534
163028
163005
164230
163638
161555
165865
162391
165309
162079
163320
162058
162487
163204
163657
162726
163825
164348
162558
163033
162352
164438
163272
163959
165385
163901
164123
163260
163233
165061
164088
165181
163846
163902
163995
163155
161981
166706
164352
164595
170117
168372
166863
167652
167384
167534
166705
161890
162268
162288
168554
168658
163654
162433
161973
161636
163450
163053
161660
163649
166948
164543
164587
166700
163772
166402
164968
163918
163390
167853
165961
167267
167057
164859
165320
168697
168089
166893
167210
169264
168414
167238
168506
168482
166712
165730
165469
164250
166383
169929
168437
164000
163152
165717
166750
169209
167913
169813
168714
171774
173050
166994
166097
168795
168138
166933
168405
170187
174059
170008
169679
167487
169940
166112
165487
163788
163547
162575
164709
162787
163683
163598
162668
166053
163585
165698
163760
163357
162971
167122
162207
165541
165116
166486
166926
167816
167817
166374
167009
167473
165813
166830
166663
167509
167124
168116
169935
162718
161935
161616
162460
165800
165781
164878
166068
165270
161680
162419
163276
163029
163888
164092
164413
162917
164585
164000
165840
165228
161304
162339
160790
163788
163187
164702
162652
161613
162291
164485
164267
162246
164199
163163
162574
165876
165545
165319
166473
167033
165831
165809
161735
161979
162126
162312
162533
162908
169073
167689
168781
170291
172083
171618
170652
170685
171695
169912
170124
172195
168695
169764
173356
174967
172377
170941
173023
165624
170623
169063
168334
167307
169407
168961
170544
172078
171858
169844
167791
169157
168605
168761
171545
170535
170132
169497
168752
169787
169572
170558
173356
170501
174248
169854
163447
164224
166249
167485
167626
170238
170325
169276
166806
167241
166116
166932
166084
164459
164204
162339
161973
164046
162308
160082
160819
161029
160971
162369
160352
160706
163852
162412
162278
164640
162396
162566
161794
165084
163129
163974
162155
163463
160741
161205
161330
162342
162965
162810
161409
161674
163141
161829
164189
167464
165155
168323
163940
164062
165925
166247
162264
162419
163394
165911
165592
161205
163805
164869
164977
169290
165066
166507
172990
172655
170867
168768
166604
166340
167562
165646
165838
166003
166237
164279
164494
168334
163226
167404
165736
164430
165504
167711
165433
163945
161509
162716
165216
165848
165804
163570
164138
163161
163286
163915
162829
161802
164298
162342
163476
164842
164066
164013
165522
164572
165361
164950
164770
164144
163364
165222
165404
165671
165624
166115
172776
167388
165397
163651
164111
165179
167626
165418
167214
170013
166507
166247
165608
168364
167325
168181
164992
166781
164314
163778
163471
164660
165275
164406
163232
163758
163131
163028
161870
162167
159783
162958
162622
164943
165417
168077
165445
163641
163537
161913
162325
164028
163808
167691
166584
166504
169045
166619
169839
165579
165248
164973
163840
163901
162871
163584
163478
164752
163712
166395
163791
163254
164231
164768
164921
165744
163857
163518
163946
166723
166321
164919
163865
164968
168790
169692
167157
166103
167421
167758
167890
173160
175459
175032
176689
175549
173663
174685
171714
170000
168924
166035
166623
167404
170006
169360
165425
167680
165440
168417
169096
169192
170397
168462
165740
169559
169487
167137
169538
169060
169066
169869
169234
169466
168355
170501
169824
171081
169306
168410
170014
170564
170874
169243
168779
167914
164064
164763
165046
165355
165029
166032
166265
166140
163387
163123
164258
170654
171694
170130
172542
170884
165685
165444
164969
165406
167137
166678
167196
166964
165251
163645
161084
161490
165127
163521
164825
164861
163752
163554
164269
165903
163617
165311
162683
163294
164005
164844
163738
165058
162594
163717
162938
162383
162999
165196
161147
159245
164478
164651
163765
165642
162905
163484
161724
164493
166278
166101
171700
163011
166381
168765
167236
168234
166849
166177
165121
164680
166129
163924
164012
164279
163662
163361
163111
162425
167746
174043
171517
172207
167958
168600
167609
168078
167284
164207
164587
167060
170151
166726
168335
167371
169063
169972
168543
169021
169047
167113
168554
167493
169105
168388
170170
171241
172281
169632
170921
167056
171912
169718
169259
166516
168228
168225
167994
169802
169902
169871
170999
169239
169018
168383
169239
169389
169017
168153
165033
162979
164978
164845
168606
171552
171578
171637
170476
168584
166685
164991
164008
164882
165914
165201
164727
165215
166392
167482
169304
170083
165425
165721
165706
165065
168922
163982
165084
165505
165527
166598
167308
165812
165071
165819
163790
162800
167983
169344
169117
169535
170405
167178
163673
163741
161490
164205
163348
163297
162778
162064
163469
167260
166276
163209
163743
164584
163041
161408
166389
168441
171180
168660
170405
169893
170063
168918
168735
168830
169299
168539
168026
163105
162720
162800
162874
162085
163320
163033
163409
166434
162806
163512
162493
165388
166968
167488
169376
167986
163883
170810
172162
168853
164900
165758
172122
172965
172053
171590
168189
165265
167297
168786
167719
170152
169216
165234
170399
169243
172628
172027
169155
170011
170257
168956
171965
167799
166739
170084
167764
164994
167923
167102
167430
168991
169481
168515
167462
169478
169764
169817
170705
170602
169829
169615
169517
168699
163665
163829
163415
171768
169763
170181
169995
171309
168212
168613
169239
171966
167498
169991
169050
167519
165325
161529
162035
161763
164200
163205
163850
163126
163092
163793
163083
164124
163471
162549
162767
162564
161764
163736
163942
161780
161899
163146
165821
165699
166025
167416
165137
163947
164542
163494
162900
163779
162512
166029
163947
163487
163053
164385
162527
162620
163170
161984
162306
161628
162796
164127
163143
162137
161981
162564
162961
164192
166443
167035
170041
171939
171236
169599
171389
177320
176776
170860
172613
172518
171254
169808
165776
167285
166525
164807
167048
164503
163160
163825
169065
166161
164517
167221
166123
163467
162767
164697
164900
164445
163946
162910
163352
164219
167435
169651
169353
169953
167402
164320
167809
167769
168452
169514
168719
167492
169364
168040
168239
169812
170504
167729
167042
165650
169956
170517
172569
168524
169070
168162
168903
171556
165085
167521
170091
169942
170484
169425
169706
168698
168626
171973
170347
173001
173391
173777
175119
174420
175243
173449
172769
171998
169738
170862
169741
170687
172249
170319
169574
170103
171920
171133
170289
172463
170770
171665
172619
169594
168489
168411
168906
169173
171571
169731
169038
170439
170336
169178
169496
169211
168330
166999
169650
166708
164479
164707
164106
164596
164168
162901
164020
161702
162923
167078
167928
167646
168010
170455
168771
169645
168379
166189
165180
161544
162582
162455
163392
163679
167275
166935
169307
168537
168273
165240
166056
169379
168568
169119
167148
168412
168641
169920
168994
170451
169197
169662
169781
169034
170006
172580
169991
170203
169811
168364
171115
169083
168725
168145
167150
167575
168522
168980
170028
169317
169633
166548
166801
168590
167997
168363
168801
169380
168941
168646
170671
168603
168742
165214
162496
162038
163969
166688
165870
169595
169332
167681
166802
168521
163499
163375
162793
162904
161397
161426
162929
161289
161015
161007
160811
161564
160931
165137
169321
167923
169013
169097
169001
167971
164674
161205
160768
161890
160372
160909
162777
164318
165016
170499
168620
169069
168671
170496
169321
169511
170625
169674
168879
165731
165429
164116
165005
166218
167783
169944
168032
168884
169326
169023
168838
169462
170149
163701
163195
161988
164466
165305
167489
167658
163785
160977
162653
161503
162165
163104
168526
170201
170767
169569
173231
174160
173673
174282
172991
172843
172221
173596
173678
177096
173249
171616
171526
169100
170613
171481
170553
170398
169919
161910
162451
167869
163981
161486
163765
171179
169229
169456
165068
169479
170327
169423
168869
167458
168240
164418
161514
164271
166527
164838
165153
163499
164896
172143
170166
171032
170201
167304
168722
168747
169473
170368
169542
166702
164606
171278
171028
169896
170319
169501
169360
168656
167489
168165
169412
165789
166932
167417
166732
169260
171159
168544
166534
163088
162374
163876
169170
170037
170508
170171
172403
169099
169334
168890
168406
170083
171359
173596
168439
170499
167759
166907
167352
167472
170624
168914
167614
168098
165519
167634
168519
172357
173620
164230
164125
162649
165038
164664
161710
161196
161916
162947
161985
161680
165056
166123
168548
168538
167790
170480
168200
168397
168006
169386
167479
166063
167180
169885
166452
168535
168511
167355
163123
166912
165591
165287
164406
166187
167343
167691
166306
171054
169062
167790
168130
167024
166845
164191
163258
163520
162539
163245
162454
170186
171261
167701
166898
170789
167198
171055
172879
170216
172375
168950
167177
169000
169896
170432
169676
169338
169518
168474
169274
167191
168210
168858
170284
168865
168366
169068
170432
170027
170517
169008
169651
170921
170053
169129
164004
164360
168104
168239
168436
173050
172817
170227
171879
171722
170189
170021
169947
169819
168463
169397
168689
169087
171172
170612
172708
172006
170042
169837
168406
169681
170242
169108
168475
169012
170341
171689
167035
168698
169344
167241
173441
175190
174049
172529
173999
175144
174447
174651
171821
170327
171839
169970
164641
165748
164948
164519
163680
164638
166232
164484
163250
163022
163764
162721
169721
166938
172560
173599
171523
169327
169533
163963
167832
167980
168762
167938
166559
171918
171509
173034
168779
168127
167970
168411
168789
172500
170298
173849
169240
170627
170933
170556
169388
170312
168072
169342
168000
170865
170143
171067
171179
171162
170484
170828
171227
171375
171640
170236
171346
169781
168078
166564
166517
167009
165570
163322
162312
163018
164733
163303
164747
164836
163526
162457
163811
162985
164917
164420
166582
169890
167852
169697
171495
168735
169580
168615
168811
169296
168022
168634
168506
167994
166710
168801
168306
168786
168303
168805
168388
167692
168323
169671
167405
170281
169216
171148
170084
169819
170064
171834
171067
171011
171523
172952
170864
170878
171208
171797
171394
168756
168868
167341
169463
170536
169130
170396
169363
169551
167647
169483
168616
169473
168730
168995
168505
168362
169363
169500
167882
166330
167346
169718
173733
170612
170570
170414
170392
168853
169336
171534
169692
167519
166981
170966
168141
167475
169799
168396
168929
169298
169315
169942
169196
166548
165266
162635
165170
164208
164219
165438
165331
165547
166340
165230
167140
166398
166709
165088
168063
165898
166549
166067
166970
164912
164464
164102
164108
163152
163878
165131
169012
169645
168604
167749
165548
166578
165179
162802
161846
161373
162444
163410
162352
161364
163732
164330
166598
163200
162627
163240
162987
163119
162087
163417
164499
163629
164693
164372
164116
164421
169770
168160
163452
165018
165200
165336
166820
165200
165843
164970
165498
162681
165234
166249
165572
166618
166652
164488
163537
165980
163492
165087
162953
164942
167320
165428
164609
163529
165050
163591
164232
165792
164956
167908
167175
165488
163250
164556
164918
163327
164579
163503
165224
165569
166779
165936
164448
164742
164274
164917
167064
165624
165038
164675
166122
166301
166740
166006
167097
166185
164895
164801
163549
166182
167032
166121
165976
166690
167999
162828
164340
165620
164157
164839
168462
164788
164155
167524
166611
167941
167798
167254
168908
168957
169814
165031
165241
168712
166663
167080
168211
169507
166183
168375
170024
171487
171534
169664
168550
167614
168931
168756
164506
164716
168207
168293
166283
166693
162812
163415
163376
162282
160662
164916
167061
171330
172203
172435
173616
171776
172428
168520
166399
165553
165353
167063
165494
165666
166877
168495
166537
168495
165057
168800
170112
174083
175632
174593
175690
170310
170433
168666
169798
171696
168933
170695
171946
171565
168981
167816
168765
168576
169397
168823
166716
166792
169746
168699
169490
167415
167902
166065
165931
165521
165724
168668
170052
171875
171327
166515
168844
171970
169062
168072
168393
169571
168414
168507
168278
168487
169032
168848
168433
168976
171517
162844
164688
168576
167940
169926
169302
167507
163913
164768
162733
165008
161857
166549
164104
167321
168397
169243
170750
170659
173641
170202
170524
168713
169525
171130
170429
171814
171042
171749
170318
169301
170839
169613
173080
169793
165315
170591
172207
169153
169748
170567
170304
168036
168637
169830
170597
170388
169814
170526
170378
163813
166024
170094
171157
170255
171145
169000
169487
167007
171335
168174
169263
168916
168759
168781
169902
174549
173523
167848
168973
169263
167793
168097
168360
170642
169623
169711
169394
169424
169738
171027
167704
167744
172681
172002
173364
170642
171486
167418
166834
172133
170796
169879
171252
171097
171130
171428
171058
169093
166710
166575
165653
163651
164170
162939
164457
165035
163213
163290
164929
164234
164469
164255
164949
163966
164424
168558
170347
167066
171088
173356
171525
170042
172076
172147
170689
169289
171279
166628
165891
166183
167287
167360
166333
164467
166748
166204
166472
166769
166893
168378
165644
166727
168080
170237
167754
167762
169681
170024
170340
168089
168768
166139
168141
166154
167292
167855
167224
166844
167245
167265
166898
165960
165771
166044
165176
168374
166049
167057
166135
166936
166554
165213
164481
164756
164821
164659
165578
166025
167527
166972
167366
165871
164927
163476
166427
167824
167304
166537
166652
166292
166740
166333
166271
164409
163437
165534
165904
166360
163925
165265
164420
167389
166172
166328
167051
171531
164102
164487
162986
164537
164832
165841
168201
168172
168886
167861
167544
167377
168218
167082
170920
166520
165692
166128
167177
167125
165087
165789
167203
166003
168079
166972
165223
167872
164855
166371
164049
164895
171792
172197
167946
168083
169347
167908
166390
167362
167364
168426
166477
166862
167819
166179
168472
166719
170926
169646
170102
170183
168772
170043
171203
172405
170324
171619
172603
173311
171805
173705
174734
172925
165835
171502
173198
173087
169661
167438
165761
167959
166101
168664
167551
164915
166433
164920
163968
165251
166074
166843
165259
169775
168807
169112
168768
169144
168313
169796
168649
169726
168933
169255
165987
166052
163450
164634
166370
164353
164786
164247
163545
165167
166789
165708
165596
166032
165505
165777
165942
165464
172990
170026
171065
171247
171012
171314
169941
169457
168543
168768
168936
170960
168721
168121
167449
164801
162658
165100
167417
168567
166859
168201
167235
169492
168027
168765
170161
167562
171860
166102
167738
167560
168818
173579
173355
168280
168316
166083
166143
166358
167615
168267
168165
168018
169963
167205
167633
168417
169173
167775
165979
166086
167079
168642
168254
168855
168525
170225
168853
168550
168670
169257
167960
170920
171549
168169
168785
167065
166382
167087
167337
167268
165151
168061
167357
163617
165129
168507
164533
168494
169763
168729
169684
172047
168036
166922
169397
169832
167775
167640
169460
164727
165836
168544
168673
168233
165954
166895
166474
164890
166071
165769
168309
167492
165969
166582
168108
167873
168677
166591
165167
166272
168218
168388
168438
168050
170114
171614
171564
166105
166092
168650
166515
167470
169349
165113
166572
164354
165051
163087
165688
166787
166960
167763
167746
167990
165432
170045
168413
168487
168013
170306
166278
165756
166744
168034
166867
167061
168801
167671
167737
169158
164195
168451
170317
168518
167756
167630
166689
167123
166007
165662
168293
167688
164927
167340
165580
165746
166675
166669
166931
167928
166887
166612
166063
167948
168851
166624
167088
168484
169931
169514
168354
167370
171647
166455
167949
166549
166872
171270
170249
169217
167773
169033
167307
170228
168157
168101
169329
170758
168322
169888
168017
166587
167149
167595
165754
165852
167284
166364
167112
169118
171290
171562
170055
166227
168001
166864
168285
167922
167894
170231
169080
168507
171643
167505
170447
170271
172834
173828
170427
170754
170902
170799
167343
169242
171014
172055
170876
167714
169264
164049
163790
164279
166871
168307
164515
164055
164705
166795
170524
172018
171605
169523
168191
168888
168307
169235
168623
169721
168652
167934
170380
167846
170853
169815
168350
167442
168828
168157
167233
168732
168489
167900
169797
169909
170070
170438
168915
170552
169745
169737
169122
169975
167984
176277
175303
171920
172500
173306
172781
171673
168789
169089
166386
167973
168620
171260
168779
167632
167556
166932
167140
166542
168666
167641
168048
168284
169499
169676
169910
169034
168262
172128
169186
169293
166926
168468
169590
171075
172867
169753
170542
169871
169028
170040
170350
170511
170599
170047
170398
170417
171077
171750
171983
172555
168646
168533
166739
169706
169825
170814
170404
170284
167951
169881
170127
168688
168432
170229
169985
169006
169396
169634
168923
171983
171941
171715
170074
169751
167735
170702
167322
171959
174219
173342
172903
173684
170815
172167
171893
173808
171701
172185
171061
172582
173535
168154
171273
169873
168861
168473
172803
170644
170592
169403
167421
168613
169806
171261
170093
169890
169126
169300
170680
171723
169451
171063
169221
170627
172433
171281
173946
173211
171442
170175
171892
170614
170901
172093
173157
170988
172327
171826
170908
171501
168589
169683
169433
171413
171893
173251
171605
173877
174850
175676
174747
172498
172801
174149
173836
174326
172181
172452
172508
172698
171355
171246
173034
171755
174308
172635
171365
170949
169386
163228
167461
164625
164914
165836
167818
171103
167873
167067
166787
164748
171653
171770
171576
170326
167422
168023
168799
168929
168286
168097
171017
170297
170584
166598
164118
170031
168657
169083
168770
176405
172695
171844
170601
168968
168023
165980
162740
164473
169616
169512
168553
162602
167862
163923
168525
169864
169182
169244
168510
172448
172623
167808
169385
174398
174680
173334
174053
174082
173581
174885
176152
176817
174129
172916
172285
172201
172883
174363
171415
169252
169809
171154
168655
169177
169651
171641
172385
172983
176567
171746
171803
171292
168275
171853
172066
173351
173776
173881
176206
174139
175917
173607
173103
174012
175469
171897
172514
171362
173109
171666
173818
173812
174622
170466
168774
170980
171827
173346
172678
170815
171764
175859
173302
173146
171793
171917
170165
171844
170285
173014
172931
173621
169955
168328
168220
167568
168745
168236
168471
168777
169753
169788
168674
167686
170314
172145
172210
169870
170756
170466
172742
173400
174698
169355
169905
168866
168183
169093
169078
168479
169880
173971
173659
170249
170630
170913
171425
172054
172378
173347
172503
172876
171924
171440
170049
172493
172359
172278
175336
172372
170770
172410
172559
171697
172606
170314
171477
172589
171338
173131
173592
170413
169525
171990
170144
168006
170145
170795
170025
170419
172967
171659
170953
172006
172548
171338
170816
171926
169602
172105
171875
172151
171917
173239
172215
171424
170222
171889
171347
172470
171141
170653
170590
170533
171604
172891
172548
171379
170212
172019
171232
170433
170624
170081
170119
170162
169573
170448
169388
169909
170538
170691
169343
171007
173343
170344
170482
172898
169253
169331
172031
168571
170012
170579
172164
172974
169516
169046
170501
171232
172093
172856
169312
172104
170108
170600
169988
170303
170980
174026
172258
172327
169663
171500
171137
170256
170585
169948
171569
169743
168971
169149
170149
168901
172620
172689
171877
169732
170751
172342
172748
171820
169484
167350
172141
175268
173640
171077
170938
170087
170205
172714
173937
172588
172872
175164
175000
172007
173938
173517
171155
171459
172935
173088
174772
173817
175319
173403
171820
172444
173697
174636
174101
170268
170231
170644
170279
170474
172159
175082
174867
174003
173840
169949
170230
173070
172605
173097
173691
173816
174850
172559
171207
171531
173543
173080
171338
170744
170416
171136
171986
173601
171917
170876
169747
170915
169713
170187
168126
169572
170895
170282
170832
170595
169131
171929
171096
170176
169977
171318
172308
170227
172063
169370
169197
170634
169658
169768
170809
169376
169809
169263
169824
172890
170600
171321
170487
170715
172232
171888
171155
169967
170499
168352
169074
169317
171843
172112
170824
168844
168576
170020
171639
169682
172211
173024
170351
173054
170257
168322
169831
172029
173485
171678
170290
171543
171178
170099
171938
168830
169171
169228
172338
172666
171867
171338
171888
174213
171045
172139
172501
171592
174768
172403
172055
174609
174149
173105
171617
171361
173365
172062
171541
173136
175619
173294
172731
171845
173449
174246
175188
171960
170277
170759
172100
170072
171820
170945
172519
173059
171455
173765
172728
170711
171483
170755
170243
172762
173475
172195
172196
170531
169070
171875
172053
172402
173625
174535
173737
172605
171402
171921
171734
172504
171641
172403
172397
170161
172908
171602
173084
173586
172199
170995
171570
173151
174576
175678
174320
170940
170720
173757
169953
171296
169943
170910
172151
171276
170528
170410
170253
173343
173595
172906
171366
171631
171590
172155
173139
172068
174501
176239
174986
173222
175558
174728
174427
173551
173978
173009
172830
172858
175889
174316
173290
172427
175895
174724
173431
174701
174307
175049
173555
173663
173891
175487
174744
174898
174992
175819
175841
178024
175555
176468
176636
174596
173450
172826
174703
173750
174287
172966
172631
173535
175059
174264
173788
175272
175731
175230
175361
175107
174135
174573
175965
171517
173440
172707
169437
172093
173135
175401
176438
176921
175934
173791
172097
173886
174086
172637
173638
174022
174923
173070
172226
172917
170298
170764
173381
172238
175050
173707
172945
174200
174536
175292
174455
174642
174983
176399
175935
174089
176054
174974
173707
173845
174186
174762
175199
177830
176321
176849
176900
175840
174516
175436
175897
175931
174431
174473
173155
173376
174760
174575
174695
175260
174868
174880
173943
173633
174798
172734
173018
173435
175600
173105
174142
171200
174084
171444
170976
171539
172334
175086
172708
173387
174844
173187
173395
175196
176855
173987
173660
173119
176770
175605
175166
175281
173331
172523
175194
174015
175884
172093
174499
173657
173060
173869
173733
173835
172863
173625
173904
174032
175344
174702
176479
176956
175187
175711
173174
173285
172548
172589
174272
175411
176386
178068
176060
177668
176533
176682
175972
177328
178347
177863
177234
176362
176496
176526
172192
173732
175467
174258
173376
173317
174374
173169
173570
173236
174989
171414
173112
173282
172938
172365
172958
174290
172623
172855
173162
173794
174274
175186
174105
173660
173950
174765
173952
173610
174434
173917
175662
174278
174601
176359
176275
174808
175861
174988
173977
175310
174788
174037
175898
174193
173875
173697
176039
175836
179559
174213
173770
176448
176083
176711
175736
175307
176579
174969
175181
176090
178044
177325
177102
176759
173844
175170
174569
173927
177565
176352
173445
174434
174089
176262
177349
177553
177329
176904
176813
174638
174923
173518
172525
173142
173063
170964
168572
169156
171816
169441
170647
172143
170334
174132
173432
172162
172477
173046
172950
173105
173529
171178
169184
172414
173547
173420
173843
172516
172517
171472
173288
171090
172052
172343
172252
170567
170815
170350
173003
173540
174594
173800
174144
173402
171598
172386
175113
177421
175294
173701
176712
174099
174719
170440
171304
172268
175402
173114
171603
172308
171549
171353
172208
172901
173698
173083
172466
171276
173321
176152
174716
175303
175861
174950
174770
173452
171370
173486
172886
170854
171369
171913
173991
172498
171376
172245
175417
173604
173110
173611
173111
170701
169471
169063
170717
170334
172253
172197
170944
173244
172171
171221
171951
170810
171524
173756
172741
172481
170734
170550
171427
173516
173785
172931
173968
173459
174687
174681
176474
177600
177884
175559
177745
176680
177235
177192
177496
174487
174431
173295
174244
171055
172271
173019
175816
172473
175107
175802
174409
175364
174921
173375
175550
176078
175772
177546
174846
173768
175594
178819
177658
176805
177423
175986
176501
176238
174977
175914
173797
172573
173444
174892
174646
172340
174633
173312
177321
175321
172673
174625
174849
175458
174768
174166
174315
176128
174871
175348
173995
174408
174655
174320
173939
177419
176236
173949
175362
174666
174991
173734
174950
176270
177966
173938
175848
175004
175608
174190
175062
175663
176125
175471
177415
175629
174684
173988
174885
175143
175465
175370
174470
174418
177222
174664
175499
174455
174259
175152
175564
174980
174303
175018
174591
175665
177153
174915
177510
176509
177233
175758
175224
176383
174303
173561
175080
176438
177924
175190
175600
175399
176465
173715
173170
173901
173758
175013
175832
176616
174267
173139
174724
176805
175414
175214
177236
175576
173264
173484
174539
175012
176145
175455
175207
173907
173132
176045
175788
172914
173471
173576
175045
175510
177531
176030
175126
177232
175944
177774
177400
175081
176176
175943
175731
175163
174460
174712
174516
172408
173596
175876
175868
176607
175958
175667
175908
174700
176525
174319
175298
175334
175094
177101
177819
175352
175921
175774
176014
175381
174986
176870
177211
177445
177799
176971
178411
177624
176470
176530
175801
176252
175887
176182
177104
173732
173179
173865
174048
173517
174202
174775
175227
174240
173736
176270
174018
174310
173008
173734
172534
172770
173435
171831
174170
171873
169771
170938
171334
171829
175238
174652
173125
176220
175749
174285
171027
171194
170424
171276
172076
170789
171637
174874
173229
171472
170669
171069
169310
174345
173080
173600
172759
174737
171197
172516
172185
173278
174363
172481
172373
171716
171794
170772
170997
169876
169563
172445
174555
173042
172865
171196
169602
169911
170498
171664
171276
171282
169302
170943
169677
170920
172488
170335
171632
171693
171471
171329
170345
171081
171695
171971
170774
171981
172452
172683
173452
173124
172048
171819
170867
172821
173233
174504
171874
172154
170657
172883
171909
170201
171191
173992
173659
171383
172314
176575
174167
173162
171249
170784
171475
172645
173298
172876
169927
169418
174534
172630
172162
170999
170412
171170
170672
171798
170933
170056
171921
171017
172004
171457
172434
173484
173222
172752
173348
175589
174872
175422
176130
175581
177071
175502
176986
175212
175071
176888
176388
173953
175336
175291
174702
174657
175615
177015
176498
176426
178353
176845
175357
177603
176193
176128
177338
177179
177328
178200
178080
176554
175804
175427
174861
176632
175609
176191
177335
175612
177026
177907
179673
177200
176617
174085
173616
175516
174328
177568
178955
177388
177490
179187
177879
178881
179494
175477
177289
177442
174061
177589
176076
176021
174088
176121
176953
175788
178056
173348
176170
175397
178301
178908
179154
178795
178487
178973
178247
178833
178948
178803
179892
180246
179318
178687
179139
178637
178323
178432
180657
180742
178836
177993
178472
179030
178785
176333
176062
177141
178640
175899
176819
178028
175169
176084
173881
174535
175655
177734
175894
174326
173692
172980
173670
175280
176280
175692
177218
178265
178047
175879
175546
177224
178390
178265
174839
175001
173777
175505
174460
175973
176231
176341
176908
180107
178017
175247
175070
173015
175464
174343
173665
172127
174262
173490
172334
175342
173401
173207
173978
174637
171627
172309
172428
171989
173501
173693
172178
172809
171886
171812
173712
171726
173385
172967
173254
171842
171095
170214
170502
169832
171019
171109
170238
170233
170828
172028
172468
171417
171847
170954
171235
173764
173773
174139
172879
173559
174105
173583
173716
171733
173055
175120
174027
174018
173843
174565
172273
173495
173286
175036
174004
173339
172740
172475
173843
174332
174268
172977
173203
173499
174992
173090
171190
171699
172092
172430
171104
171350
173815
172753
173516
173841
173410
174658
173214
173204
175224
173081
173576
174258
173947
175552
174938
174658
175204
176358
174814
176764
171983
174705
174828
175282
175819
176870
175041
175241
175268
175562
177339
173948
174523
172794
176002
174946
175736
177764
173517
173538
173323
174527
173061
174604
177379
176667
175076
176424
175885
177672
174794
176735
176525
178282
176542
175816
175612
174732
173530
175049
176761
177913
176987
176223
176172
177593
175074
175983
176576
174151
177681
173167
172456
172784
173858
173680
175586
176479
176816
172086
172898
172612
172920
172578
173444
174742
176381
175745
175537
175459
175077
175064
175138
175831
175695
173749
174751
175533
175812
176320
174685
173593
176673
178311
176067
176618
175451
176490
176433
176774
176859
177105
176643
175756
175878
176260
175715
175454
173764
176691
176266
176059
174766
178231
176445
175705
176211
175078
173371
173481
174399
174268
174310
173108
175877
175107
174448
175074
175351
175567
175806
173831
174491
174875
175254
175618
175697
175920
176163
175917
175100
176144
177057
175562
177386
176271
176656
175683
174690
175324
173866
174853
173574
176277
171748
172318
173887
172800
172958
171697
173080
173001
174363
173640
173841
173637
175241
175716
175352
175071
174568
175358
175715
176033
177193
179054
177177
177541
176595
177117
177011
177739
177540
175753
177136
176685
176551
176318
177543
176253
175661
175088
175734
175046
175325
175733
174817
174752
173755
175274
175508
176295
177370
178337
176195
176015
177309
176437
177959
176560
177424
174512
174623
172782
171636
174455
175468
172508
171888
171654
172957
174388
173588
176538
176697
176220
177176
178062
178152
177631
176025
175393
174013
174429
173355
172075
173867
173441
176156
175542
177567
177034
177631
176409
176560
176382
177353
175123
174639
177562
177181
176896
177071
177517
175239
175662
173814
177231
173815
172466
175547
174092
176735
177507
176336
175084
176566
175061
174259
173818
176543
176063
172439
173827
172501
172207
173580
174780
173583
175167
175316
173998
175474
177538
175567
175774
175806
175377
172716
172114
174319
177042
175428
174945
176090
176440
176904
176034
174088
178077
177542
175494
173868
173908
175928
176143
177018
176173
175027
175155
176022
176490
174747
176554
175021
176065
175890
177712
177026
177499
177163
177704
177346
177478
175083
176053
176068
175398
174903
175459
176701
174910
175225
174059
173470
174524
173386
172961
173474
175963
175329
174691
175607
174577
172476
173798
173925
174886
172583
174648
173505
173010
172054
172039
174180
173868
174051
172882
171489
174060
174276
173539
173059
172279
172777
173271
171970
173125
173877
174687
174149
175385
176868
176675
176982
176720
175978
176028
175227
173396
174294
175115
173652
171516
171874
171958
172765
173860
172866
172759
173310
172447
173932
175121
173342
174944
174337
174022
172879
173517
176269
176504
174988
174300
175032
173076
173618
172820
173300
174465
171304
171301
171836
170292
172004
173577
174694
173232
172463
171980
172934
173319
173700
174359
173240
174522
177189
176783
174579
174892
174694
174436
174316
174644
175622
173833
177469
174979
175662
174466
173509
174964
174898
176007
174603
174191
173008
173145
174280
175019
175598
174214
171920
171926
172110
172182
173645
173767
175351
174755
173818
174147
171429
176295
177590
176080
174259
175868
176253
177174
177422
173546
173919
174443
177015
176216
173597
174510
176562
175770
172369
172731
174116
172380
173522
173750
173750
174139
173882
174206
174721
175526
174539
175805
176017
175522
175004
175380
175714
175222
173105
173176
174191
174612
173291
170426
171114
171048
171695
173353
172005
172664
173685
173704
173597
173938
175523
177556
176391
176072
177656
176103
174752
175248
171645
172663
175136
175745
176605
175235
173636
173943
172409
173507
173593
172593
174285
174523
173611
174501
175038
174526
175732
177004
176152
175940
176297
176612
175350
175521
176028
175180
178824
178862
177634
177455
177134
176987
177826
178652
179066
179281
178794
177789
179128
178388
179109
180716
180121
178299
179780
179312
178458
177761
176194
177023
178017
177769
176685
177867
176698
176356
177574
175962
174989
175067
175134
174141
174888
174108
175172
175770
174862
174402
174237
173241
173050
172969
175268
176125
176688
175672
176117
176734
177500
175011
175105
175785
177170
176786
176440
175650
176504
176751
176737
175145
176249
175710
175195
176356
174434
176278
175310
174761
175088
174871
173471
176238
174852
176882
175115
175005
176648
175215
173261
173235
174137
173269
175802
175764
173950
174993
174072
177140
174426
175402
174525
176108
175292
175531
176085
175679
174431
174868
175449
173445
174306
175196
176449
175813
174312
174474
176277
176233
176564
174610
175743
175454
176216
176280
174084
175888
175661
174945
177659
175820
175064
174642
177323
177135
176932
177249
178014
176781
179261
178997
179047
178430
178762
176603
174114
176036
176923
176359
175300
176601
175716
175170
178187
177966
177614
177605
177136
177242
178074
178343
178920
176818
175460
178059
179736
178976
178986
179669
178689
178020
178287
178051
178757
174852
174324
173799
175263
175333
175966
176088
177049
177668
175927
177052
176013
176636
175744
176507
174478
172254
173192
173037
173117
174123
174068
174631
176561
176529
175586
176268
173295
174068
174870
175629
176539
173690
173332
174610
176262
175209
175417
174828
175277
173212
173713
172878
172850
175355
176465
175705
173191
174127
175987
174327
174177
174927
173978
174014
174851
175088
175593
175528
176898
175598
176184
175141
176382
177759
177579
177590
176397
176784
174730
175601
172033
174200
174537
174356
176149
176010
174962
173615
173943
173174
175061
172531
174853
175123
175105
174827
175274
175065
175971
173634
174060
171815
174452
175879
174363
175905
175243
174234
172929
173580
173449
174906
176097
175778
175156
176340
174875
176856
176431
176602
176618
173894
175066
177011
177156
180702
177135
177837
177732
177153
177137
176890
177547
176689
176766
178162
176888
177907
177882
177944
177253
176065
175915
178590
176585
177730
177255
178250
177616
174543
177312
175268
176211
176036
175705
176177
175718
175824
176732
177422
174710
176871
175575
175206
176361
175934
174699
176625
175075
176693
174079
175887
173229
173999
175566
175371
176879
177310
176247
175228
174835
174609
174644
175989
177544
177408
174683
174957
175673
176400
175889
176483
176673
175890
176480
176725
177292
177499
178436
177591
179744
177417
176092
177050
177410
177664
178664
175953
176180
177251
177278
177999
177884
176819
176436
176541
175390
175716
177710
176995
176215
176213
176823
176245
177046
177233
176686
177859
176179
175599
174278
177011
177018
178065
178262
178527
178840
176438
177988
178298
179803
178371
179263
177073
178463
179516
177545
177587
175861
176969
176501
177279
175463
177157
175408
176248
175947
174993
174192
174953
176316
174406
177156
179286
179628
180563
180408
177563
177091
176510
178443
178247
177637
180220
180774
178109
176122
175928
177933
176297
177290
176187
174967
177983
178324
177019
176120
174090
175004
175512
175733
175386
175049
175802
176486
177487
177437
177382
176131
177040
176030
177169
177128
176554
175721
174962
174993
174556
174165
175255
175379
175326
174948
175612
175244
174967
175564
174506
175723
174257
174712
175282
174426
174375
174552
175474
176570
176930
177051
174821
176422
179067
176984
176333
178024
176339
176090
175371
175979
174067
177566
174767
176359
177310
174717
175045
176161
173813
175896
176725
172485
174879
173830
174140
174264
173610
173971
174245
175704
173538
176250
176876
175444
175145
174873
175513
175528
174508
175982
174524
174624
174064
175209
175102
174044
171856
